Area,Year,Area harvested,Production,Yield
Afghanistan,2005,2751.0,20239.0,73570.0
Afghanistan,2006,7000.0,52500.0,75000.0
Afghanistan,2007,7000.0,59500.0,85000.0
Afghanistan,2008,7000.0,56061.0,80087.0
Afghanistan,2009,8550.0,72765.0,85105.0
Afghanistan,2010,8550.0,59850.0,70000.0
Afghanistan,2011,8863.0,62041.0,70000.0
Afghanistan,2012,9148.0,70000.0,76519.0
Afghanistan,2013,10341.0,78597.0,76005.0
Afghanistan,2014,12247.0,89403.0,73000.0
Afghanistan,2015,13038.0,89733.0,68824.0
Afghanistan,2016,19365.0,140903.0,72762.0
Afghanistan,2017,26847.0,175000.0,65184.0
Afghanistan,2018,28381.0,217192.0,76527.0
Afghanistan,2019,27559.0,250324.0,90832.0
Africa,2005,128478.0,1903990.0,148196.0
Africa,2006,130743.0,2019887.0,154493.0
Africa,2007,134942.0,2021888.0,149834.0
Africa,2008,136337.0,2141215.0,157053.0
Africa,2009,135063.0,2161994.0,160073.0
Africa,2010,153508.0,2203907.0,143570.0
Africa,2011,156345.0,2316523.0,148167.0
Africa,2012,152599.0,2366296.0,155066.0
Africa,2013,166446.0,2726919.0,163832.0
Africa,2014,157317.0,2556821.0,162527.0
Africa,2015,164901.0,2877574.0,174503.0
Africa,2016,180186.0,2731225.0,151578.0
Africa,2017,171591.0,3084246.0,179744.0
Africa,2018,166374.0,2867625.0,172360.0
Africa,2019,161676.0,3132896.0,193776.0
Albania,2005,3000.0,16000.0,53333.0
Albania,2006,5500.0,27566.0,50120.0
Albania,2007,7000.0,36000.0,51429.0
Albania,2008,6500.0,45000.0,69231.0
Albania,2009,5000.0,47202.0,94404.0
Albania,2010,3913.0,54604.0,139545.0
Albania,2011,3450.0,64000.0,185507.0
Albania,2012,3719.0,71300.0,191718.0
Albania,2013,3838.0,75730.0,197316.0
Albania,2014,3863.0,82060.0,212426.0
Albania,2015,4008.0,91736.0,228882.0
Albania,2016,4230.0,101532.0,240028.0
Albania,2017,4346.0,96338.0,221671.0
Albania,2018,4294.0,108375.0,252387.0
Albania,2019,4407.0,105933.0,240374.0
Algeria,2005,24279.0,199712.0,82257.0
Algeria,2006,28658.0,283242.0,98835.0
Algeria,2007,31904.0,190010.0,59557.0
Algeria,2008,33206.0,260967.0,78590.0
Algeria,2009,36616.0,267469.0,73047.0
Algeria,2010,52419.0,378637.0,72233.0
Algeria,2011,51080.0,404105.0,79112.0
Algeria,2012,48828.0,397529.0,81414.0
Algeria,2013,48064.0,455937.0,94860.0
Algeria,2014,40418.0,462815.0,114507.0
Algeria,2015,41011.0,451472.0,110086.0
Algeria,2016,46070.0,500855.0,108716.0
Algeria,2017,44620.0,494239.0,110766.0
Algeria,2018,39034.0,487808.0,124970.0
Algeria,2019,32989.0,558830.0,169399.0
Americas,2005,364986.0,9008510.0,246818.0
Americas,2006,357028.0,9024167.0,252758.0
Americas,2007,347925.0,8845340.0,254231.0
Americas,2008,342956.0,9113166.0,265724.0
Americas,2009,344438.0,9092087.0,263969.0
Americas,2010,335204.0,9045252.0,269843.0
Americas,2011,347778.0,9702017.0,278972.0
Americas,2012,343106.0,9004010.0,262426.0
Americas,2013,342460.0,10213825.0,298249.0
Americas,2014,328568.0,10588413.0,322259.0
Americas,2015,329044.0,9626415.0,292557.0
Americas,2016,322514.0,9880305.0,306353.0
Americas,2017,320504.0,10166420.0,317201.0
Americas,2018,307667.0,9410823.0,305877.0
Americas,2019,303925.0,9810144.0,322782.0
Argentina,2005,43723.0,1206210.0,275875.0
Argentina,2006,40173.0,1100000.0,273816.0
Argentina,2007,36222.0,1000000.0,276075.0
Argentina,2008,34021.0,950000.0,279239.0
Argentina,2009,31657.0,894000.0,282402.0
Argentina,2010,25213.0,720000.0,285567.0
Argentina,2011,39829.0,1150000.0,288734.0
Argentina,2012,35971.0,1050000.0,291902.0
Argentina,2013,32874.0,970000.0,295066.0
Argentina,2014,26702.0,711052.0,266292.0
Argentina,2015,26727.0,693275.0,259391.0
Argentina,2016,20495.0,458908.0,223912.0
Argentina,2017,19496.0,458908.0,235386.0
Argentina,2018,23958.0,510478.0,213072.0
Argentina,2019,22335.0,538722.0,241201.0
Armenia,2005,8686.0,90798.0,104534.0
Armenia,2006,8614.0,96268.0,111758.0
Armenia,2007,8942.0,111836.0,125068.0
Armenia,2008,8298.0,117199.0,141238.0
Armenia,2009,8811.0,120844.0,137151.0
Armenia,2010,9321.0,56487.0,60602.0
Armenia,2011,8962.0,77602.0,86590.0
Armenia,2012,9583.0,110289.0,115088.0
Armenia,2013,9715.0,111946.0,115230.0
Armenia,2014,9976.0,132627.0,132946.0
Armenia,2015,10447.0,126995.0,121561.0
Armenia,2016,10311.0,62574.0,60687.0
Armenia,2017,10617.0,116051.0,109307.0
Armenia,2018,10519.0,109939.0,104515.0
Armenia,2019,10069.0,81674.0,81114.0
Asia,2005,2988667.0,35063528.0,117322.0
Asia,2006,2961494.0,36517275.0,123307.0
Asia,2007,3092872.0,39278688.0,126997.0
Asia,2008,3114445.0,41776842.0,134139.0
Asia,2009,3202645.0,44012593.0,137426.0
Asia,2010,3339224.0,45363388.0,135850.0
Asia,2011,3412283.0,49481501.0,145010.0
Asia,2012,3504682.0,51812137.0,147837.0
Asia,2013,3559637.0,53036481.0,148994.0
Asia,2014,3601975.0,53953463.0,149789.0
Asia,2015,3646505.0,51860910.0,142221.0
Asia,2016,3343281.0,54274689.0,162340.0
Asia,2017,3147945.0,54826699.0,174167.0
Asia,2018,3134141.0,53137673.0,169545.0
Asia,2019,3229833.0,56379811.0,174560.0
Australia,2005,20500.0,452650.0,220805.0
Australia,2006,20000.0,301251.0,150626.0
Australia,2007,20000.0,377980.0,188990.0
Australia,2008,16441.0,265481.0,161475.0
Australia,2009,22000.0,295134.0,134152.0
Australia,2010,16792.0,264401.0,157457.0
Australia,2011,18790.0,299778.0,159541.0
Australia,2012,18056.0,289064.0,160093.0
Australia,2013,18015.0,288878.0,160354.0
Australia,2014,16704.0,266771.0,159705.0
Australia,2015,18508.0,295196.0,159496.0
Australia,2016,19333.0,308298.0,159467.0
Australia,2017,19668.0,313730.0,159513.0
Australia,2018,16818.0,268355.0,159564.0
Australia,2019,16612.0,265150.0,159614.0
Australia and New Zealand,2005,31482.0,976650.0,310225.0
Australia and New Zealand,2006,29720.0,655251.0,220475.0
Australia and New Zealand,2007,29247.0,798980.0,273184.0
Australia and New Zealand,2008,25273.0,711481.0,281518.0
Australia and New Zealand,2009,31284.0,726134.0,232110.0
Australia and New Zealand,2010,26172.0,708555.0,270730.0
Australia and New Zealand,2011,27785.0,739196.0,266041.0
Australia and New Zealand,2012,26901.0,726171.0,269942.0
Australia and New Zealand,2013,26899.0,733056.0,272522.0
Australia and New Zealand,2014,25121.0,756771.0,301250.0
Australia and New Zealand,2015,28507.0,835196.0,292979.0
Australia and New Zealand,2016,29462.0,858298.0,291324.0
Australia and New Zealand,2017,28283.0,783730.0,277103.0
Australia and New Zealand,2018,25412.0,748355.0,294489.0
Australia and New Zealand,2019,26372.0,818756.0,310464.0
Austria,2005,,452607.0,
Austria,2006,,509139.0,
Austria,2007,,477882.0,
Austria,2008,,551356.0,
Austria,2009,,485609.0,
Austria,2010,,270805.0,
Austria,2011,,302810.0,
Austria,2012,,262108.0,
Austria,2013,,234585.0,
Austria,2014,,310339.0,
Austria,2015,,287599.0,
Austria,2016,,101667.0,
Austria,2017,,185244.0,
Austria,2018,6740.0,387950.0,575593.0
Austria,2019,6590.0,239210.0,362989.0
Azerbaijan,2005,20533.0,163057.0,79412.0
Azerbaijan,2006,19599.0,178350.0,91000.0
Azerbaijan,2007,22498.0,187003.0,83120.0
Azerbaijan,2008,22846.0,205021.0,89740.0
Azerbaijan,2009,23258.0,204237.0,87814.0
Azerbaijan,2010,23934.0,211665.0,88437.0
Azerbaijan,2011,25121.0,223067.0,88797.0
Azerbaijan,2012,25836.0,234771.0,90870.0
Azerbaijan,2013,26301.0,246685.0,93793.0
Azerbaijan,2014,27173.0,252327.0,92859.0
Azerbaijan,2015,28090.0,256398.0,91277.0
Azerbaijan,2016,28277.0,254296.0,89930.0
Azerbaijan,2017,28401.0,275093.0,96860.0
Azerbaijan,2018,28647.0,277158.0,96749.0
Azerbaijan,2019,29004.0,292736.0,100930.0
Belarus,2005,64816.0,232656.0,35895.0
Belarus,2006,64857.0,488785.0,75363.0
Belarus,2007,63600.0,262928.0,41341.0
Belarus,2008,63836.0,379809.0,59498.0
Belarus,2009,62900.0,431573.0,68613.0
Belarus,2010,62011.0,525552.0,84751.0
Belarus,2011,60102.0,190829.0,31751.0
Belarus,2012,58391.0,511471.0,87594.0
Belarus,2013,57572.0,311495.0,54105.0
Belarus,2014,57323.0,512641.0,89430.0
Belarus,2015,54411.0,354817.0,65211.0
Belarus,2016,52797.0,508816.0,96372.0
Belarus,2017,51752.0,317078.0,61269.0
Belarus,2018,52764.0,700198.0,132704.0
Belarus,2019,51537.0,336697.0,65331.0
Belgium,2005,8900.0,324960.0,365124.0
Belgium,2006,8600.0,357500.0,415698.0
Belgium,2007,8500.0,358000.0,421176.0
Belgium,2008,8100.0,335000.0,413580.0
Belgium,2009,7700.0,310600.0,403377.0
Belgium,2010,7730.0,343980.0,444994.0
Belgium,2011,7752.0,228405.0,294640.0
Belgium,2012,7100.0,220400.0,310423.0
Belgium,2013,7100.0,228900.0,322394.0
Belgium,2014,7100.0,318400.0,448451.0
Belgium,2015,6865.0,284210.0,413999.0
Belgium,2016,6491.0,238244.0,367037.0
Belgium,2017,6164.0,86236.0,139903.0
Belgium,2018,5990.0,231300.0,386144.0
Belgium,2019,5810.0,259840.0,447229.0
Bhutan,2005,2400.0,10421.0,43421.0
Bhutan,2006,1800.0,7407.0,41150.0
Bhutan,2007,1850.0,7076.0,38249.0
Bhutan,2008,1500.0,5038.0,33587.0
Bhutan,2009,1900.0,6523.0,34332.0
Bhutan,2010,2094.0,17366.0,82932.0
Bhutan,2011,2050.0,20752.0,101229.0
Bhutan,2012,900.0,7666.0,85178.0
Bhutan,2013,1000.0,7830.0,78300.0
Bhutan,2014,1100.0,7994.0,72673.0
Bhutan,2015,700.0,5308.0,75829.0
Bhutan,2016,849.0,6587.0,77585.0
Bhutan,2017,950.0,8039.0,84621.0
Bhutan,2018,766.0,3684.0,48094.0
Bhutan,2019,725.0,4321.0,59600.0
Bolivia (Plurinational State of),2005,900.0,4000.0,44444.0
Bolivia (Plurinational State of),2006,500.0,2000.0,40000.0
Bolivia (Plurinational State of),2007,495.0,1961.0,39616.0
Bolivia (Plurinational State of),2008,505.0,2025.0,40099.0
Bolivia (Plurinational State of),2009,501.0,1943.0,38782.0
Bolivia (Plurinational State of),2010,501.0,1989.0,39701.0
Bolivia (Plurinational State of),2011,504.0,2014.0,39960.0
Bolivia (Plurinational State of),2012,512.0,2025.0,39551.0
Bolivia (Plurinational State of),2013,534.0,2057.0,38521.0
Bolivia (Plurinational State of),2014,676.0,2419.0,35784.0
Bolivia (Plurinational State of),2015,687.0,2522.0,36710.0
Bolivia (Plurinational State of),2016,692.0,2578.0,37254.0
Bolivia (Plurinational State of),2017,732.0,2751.0,37582.0
Bolivia (Plurinational State of),2018,734.0,2805.0,38215.0
Bolivia (Plurinational State of),2019,753.0,2931.0,38924.0
Bosnia and Herzegovina,2005,14309.0,52181.0,36467.0
Bosnia and Herzegovina,2006,15548.0,58109.0,37374.0
Bosnia and Herzegovina,2007,16000.0,60962.0,38101.0
Bosnia and Herzegovina,2008,15000.0,51946.0,34631.0
Bosnia and Herzegovina,2009,20000.0,71507.0,35754.0
Bosnia and Herzegovina,2010,19885.0,71659.0,36037.0
Bosnia and Herzegovina,2011,23243.0,75334.0,32411.0
Bosnia and Herzegovina,2012,15027.0,50023.0,33289.0
Bosnia and Herzegovina,2013,25640.0,85117.0,33197.0
Bosnia and Herzegovina,2014,13708.0,44795.0,32678.0
Bosnia and Herzegovina,2015,28549.0,91471.0,32040.0
Bosnia and Herzegovina,2016,21534.0,69062.0,32071.0
Bosnia and Herzegovina,2017,16344.0,52252.0,31970.0
Bosnia and Herzegovina,2018,35306.0,112513.0,31868.0
Bosnia and Herzegovina,2019,30934.0,98265.0,31766.0
Brazil,2005,35493.0,850535.0,239635.0
Brazil,2006,36107.0,863019.0,239017.0
Brazil,2007,37832.0,1115379.0,294824.0
Brazil,2008,38072.0,1124155.0,295271.0
Brazil,2009,38205.0,1222885.0,320085.0
Brazil,2010,38723.0,1279124.0,330327.0
Brazil,2011,38077.0,1338995.0,351655.0
Brazil,2012,38688.0,1339771.0,346301.0
Brazil,2013,38284.0,1231472.0,321668.0
Brazil,2014,37041.0,1378617.0,372187.0
Brazil,2015,35842.0,1264651.0,352841.0
Brazil,2016,34214.0,1055383.0,308465.0
Brazil,2017,33328.0,1307642.0,392355.0
Brazil,2018,33229.0,1203007.0,362035.0
Brazil,2019,32405.0,1222979.0,377404.0
Bulgaria,2005,3127.0,26130.0,83563.0
Bulgaria,2006,2979.0,26328.0,88379.0
Bulgaria,2007,3524.0,26165.0,74248.0
Bulgaria,2008,3247.0,23517.0,72427.0
Bulgaria,2009,4321.0,35456.0,82055.0
Bulgaria,2010,5201.0,43235.0,83128.0
Bulgaria,2011,4890.0,40413.0,82644.0
Bulgaria,2012,4621.0,30942.0,66960.0
Bulgaria,2013,4813.0,55013.0,114301.0
Bulgaria,2014,3951.0,54502.0,137945.0
Bulgaria,2015,4765.0,58419.0,122600.0
Bulgaria,2016,4111.0,44755.0,108866.0
Bulgaria,2017,3973.0,44927.0,113081.0
Bulgaria,2018,3980.0,50300.0,126382.0
Bulgaria,2019,4140.0,43620.0,105362.0
Canada,2005,19614.0,414445.0,211301.0
Canada,2006,19861.0,402773.0,202796.0
Canada,2007,18312.0,446367.0,243757.0
Canada,2008,17808.0,426858.0,239700.0
Canada,2009,17147.0,435491.0,253975.0
Canada,2010,16245.0,371025.0,228393.0
Canada,2011,16534.0,420102.0,254084.0
Canada,2012,15958.0,282766.0,177194.0
Canada,2013,16038.0,427201.0,266368.0
Canada,2014,15874.0,409839.0,258183.0
Canada,2015,15737.0,348508.0,221458.0
Canada,2016,15873.0,417989.0,263333.0
Canada,2017,15612.0,402082.0,257547.0
Canada,2018,15740.0,402978.0,256022.0
Canada,2019,15234.0,377929.0,248083.0
Caribbean,2005,321.0,1300.0,40498.0
Caribbean,2006,390.0,1566.0,40154.0
Caribbean,2007,420.0,1727.0,41119.0
Caribbean,2008,450.0,1819.0,40422.0
Caribbean,2009,465.0,2098.0,45118.0
Caribbean,2010,299.0,1492.0,49900.0
Caribbean,2011,351.0,1648.0,46952.0
Caribbean,2012,337.0,1662.0,49318.0
Caribbean,2013,329.0,1601.0,48663.0
Caribbean,2014,307.0,1492.0,48599.0
Caribbean,2015,301.0,1492.0,49568.0
Caribbean,2016,299.0,1494.0,49967.0
Caribbean,2017,434.0,2237.0,51544.0
Caribbean,2018,439.0,2295.0,52278.0
Caribbean,2019,375.0,1957.0,52187.0
Central America,2005,63026.0,608778.0,96592.0
Central America,2006,61663.0,629334.0,102060.0
Central America,2007,60239.0,532364.0,88375.0
Central America,2008,60907.0,544272.0,89361.0
Central America,2009,67111.0,604778.0,90116.0
Central America,2010,68026.0,629602.0,92553.0
Central America,2011,68659.0,685148.0,99790.0
Central America,2012,69566.0,432464.0,62166.0
Central America,2013,71602.0,919629.0,128436.0
Central America,2014,67895.0,781353.0,115083.0
Central America,2015,68472.0,824008.0,120342.0
Central America,2016,67945.0,795132.0,117026.0
Central America,2017,67932.0,795728.0,117136.0
Central America,2018,68438.0,745235.0,108892.0
Central America,2019,69963.0,851893.0,121763.0
Central Asia,2005,155500.0,801400.0,51537.0
Central Asia,2006,152263.0,956461.0,62816.0
Central Asia,2007,160200.0,900560.0,56215.0
Central Asia,2008,153200.0,1017190.0,66396.0
Central Asia,2009,154000.0,1078470.0,70031.0
Central Asia,2010,163900.0,1149150.0,70113.0
Central Asia,2011,175293.0,1257817.0,71755.0
Central Asia,2012,184434.0,1377300.0,74677.0
Central Asia,2013,195409.0,1471056.0,75281.0
Central Asia,2014,196345.0,1566970.0,79807.0
Central Asia,2015,200553.0,1629148.0,81233.0
Central Asia,2016,218081.0,2056894.0,94318.0
Central Asia,2017,203302.0,1655312.0,81421.0
Central Asia,2018,208974.0,1802563.0,86258.0
Central Asia,2019,210230.0,1801207.0,85678.0
Chile,2005,34800.0,1300000.0,373563.0
Chile,2006,35200.0,1350000.0,383523.0
Chile,2007,35000.0,1400000.0,400000.0
Chile,2008,35000.0,1504101.0,429743.0
Chile,2009,35100.0,1330617.0,379093.0
Chile,2010,35029.0,1624242.0,463685.0
Chile,2011,35030.0,1588347.0,453425.0
Chile,2012,35667.0,1607415.0,450673.0
Chile,2013,37545.0,1716253.0,457119.0
Chile,2014,37207.0,1721893.0,462787.0
Chile,2015,36206.0,1710319.0,472386.0
Chile,2016,36063.0,1730081.0,479739.0
Chile,2017,35937.0,1749037.0,486695.0
Chile,2018,34427.0,1700065.0,493817.0
Chile,2019,32371.0,1621321.0,500856.0
China,2005,1890908.0,24016881.0,127012.0
China,2006,1899408.0,26064930.0,137227.0
China,2007,1962368.0,27865889.0,142001.0
China,2008,1992666.0,29850771.0,149803.0
China,2009,2049536.0,31684433.0,154593.0
China,2010,2140171.0,33265186.0,155432.0
China,2011,2177495.0,35986667.0,165266.0
China,2012,2231519.0,38492519.0,172495.0
China,2013,2272375.0,39683908.0,174636.0
China,2014,2272374.0,40924707.0,180097.0
China,2015,2328471.0,38900319.0,167064.0
China,2016,2122924.0,40394483.0,190278.0
China,2017,1947146.0,41391451.0,212575.0
China,2018,1938764.0,39235019.0,202371.0
China,2019,2041197.0,42426578.0,207851.0
"China, Taiwan Province of",2005,608.0,5801.0,95411.0
"China, Taiwan Province of",2006,608.0,5930.0,97533.0
"China, Taiwan Province of",2007,568.0,5953.0,104806.0
"China, Taiwan Province of",2008,466.0,4163.0,89335.0
"China, Taiwan Province of",2009,436.0,3645.0,83601.0
"China, Taiwan Province of",2010,231.0,2186.0,94632.0
"China, Taiwan Province of",2011,175.0,1667.0,95257.0
"China, Taiwan Province of",2012,169.0,1519.0,89882.0
"China, Taiwan Province of",2013,175.0,1292.0,73829.0
"China, Taiwan Province of",2014,174.0,1507.0,86609.0
"China, Taiwan Province of",2015,171.0,1319.0,77135.0
"China, Taiwan Province of",2016,204.0,1483.0,72696.0
"China, Taiwan Province of",2017,196.0,1451.0,74031.0
"China, Taiwan Province of",2018,194.0,1619.0,83454.0
"China, Taiwan Province of",2019,195.0,1178.0,60410.0
"China, mainland",2005,1890300.0,24011080.0,127023.0
"China, mainland",2006,1898800.0,26059000.0,137239.0
"China, mainland",2007,1961800.0,27859936.0,142012.0
"China, mainland",2008,1992200.0,29846608.0,149817.0
"China, mainland",2009,2049100.0,31680788.0,154608.0
"China, mainland",2010,2139940.0,33263000.0,155439.0
"China, mainland",2011,2177320.0,35985000.0,165272.0
"China, mainland",2012,2231350.0,38491000.0,172501.0
"China, mainland",2013,2272200.0,39682616.0,174644.0
"China, mainland",2014,2272200.0,40923200.0,180104.0
"China, mainland",2015,2328300.0,38899000.0,167070.0
"China, mainland",2016,2122720.0,40393000.0,190289.0
"China, mainland",2017,1946950.0,41390000.0,212589.0
"China, mainland",2018,1938570.0,39233400.0,202383.0
"China, mainland",2019,2041002.0,42425400.0,207866.0
Colombia,2005,413.0,4435.0,107385.0
Colombia,2006,424.0,4518.0,106557.0
Colombia,2007,306.0,2891.0,94477.0
Colombia,2008,87.0,1050.0,120690.0
Colombia,2009,153.0,1340.0,87582.0
Colombia,2010,156.0,1638.0,105000.0
Colombia,2011,121.0,1219.0,100744.0
Colombia,2012,226.0,2190.0,96903.0
Colombia,2013,246.0,2547.0,103537.0
Colombia,2014,200.0,2247.0,112350.0
Colombia,2015,225.0,2506.0,111378.0
Colombia,2016,213.0,2259.0,106056.0
Colombia,2017,570.0,3065.0,53772.0
Colombia,2018,705.0,4734.0,67149.0
Colombia,2019,613.0,5053.0,82431.0
Croatia,2005,5625.0,57298.0,101863.0
Croatia,2006,5863.0,57571.0,98194.0
Croatia,2007,5993.0,62991.0,105108.0
Croatia,2008,6404.0,57341.0,89539.0
Croatia,2009,6515.0,73924.0,113467.0
Croatia,2010,6599.0,89124.0,135057.0
Croatia,2011,6553.0,99676.0,152107.0
Croatia,2012,5980.0,37414.0,62565.0
Croatia,2013,5377.0,121738.0,226405.0
Croatia,2014,5944.0,96703.0,162690.0
Croatia,2015,5756.0,101752.0,176776.0
Croatia,2016,5890.0,44781.0,76029.0
Croatia,2017,4838.0,56570.0,116928.0
Croatia,2018,4730.0,90250.0,190803.0
Croatia,2019,4950.0,68350.0,138081.0
Cyprus,2005,1274.0,10781.0,84623.0
Cyprus,2006,1278.0,10742.0,84053.0
Cyprus,2007,1062.0,8594.0,80923.0
Cyprus,2008,943.0,6543.0,69385.0
Cyprus,2009,1218.0,7274.0,59721.0
Cyprus,2010,754.0,6950.0,92175.0
Cyprus,2011,836.0,7121.0,85179.0
Cyprus,2012,858.0,6842.0,79744.0
Cyprus,2013,625.0,5313.0,85008.0
Cyprus,2014,606.0,4848.0,80000.0
Cyprus,2015,610.0,4880.0,80000.0
Cyprus,2016,525.0,4200.0,80000.0
Cyprus,2017,372.0,3792.0,101935.0
Cyprus,2018,370.0,1910.0,51622.0
Cyprus,2019,370.0,1840.0,49730.0
Czechia,2005,9540.0,134094.0,140560.0
Czechia,2006,9290.0,136385.0,146808.0
Czechia,2007,9100.0,115814.0,127268.0
Czechia,2008,9040.0,154063.0,170424.0
Czechia,2009,8990.0,141996.0,157949.0
Czechia,2010,9030.0,99801.0,110522.0
Czechia,2011,9299.0,84594.0,90971.0
Czechia,2012,9367.0,118709.0,126731.0
Czechia,2013,8982.0,121803.0,135608.0
Czechia,2014,8962.0,128292.0,143151.0
Czechia,2015,8309.0,155361.0,186979.0
Czechia,2016,7491.0,124997.0,166863.0
Czechia,2017,7349.0,105280.0,143258.0
Czechia,2018,7250.0,151530.0,209007.0
Czechia,2019,7320.0,99500.0,135929.0
Democratic People's Republic of Korea,2005,72481.0,668000.0,92162.0
Democratic People's Republic of Korea,2006,72511.0,665000.0,91710.0
Democratic People's Republic of Korea,2007,70000.0,635000.0,90714.0
Democratic People's Republic of Korea,2008,70076.0,657518.0,93829.0
Democratic People's Republic of Korea,2009,71220.0,687808.0,96575.0
Democratic People's Republic of Korea,2010,71473.0,712312.0,99662.0
Democratic People's Republic of Korea,2011,72800.0,752300.0,103338.0
Democratic People's Republic of Korea,2012,73500.0,785000.0,106803.0
Democratic People's Republic of Korea,2013,73500.0,780000.0,106122.0
Democratic People's Republic of Korea,2014,73631.0,777126.0,105543.0
Democratic People's Republic of Korea,2015,72419.0,776710.0,107252.0
Democratic People's Republic of Korea,2016,72005.0,786491.0,109227.0
Democratic People's Republic of Korea,2017,71632.0,792982.0,110702.0
Democratic People's Republic of Korea,2018,71269.0,799473.0,112177.0
Democratic People's Republic of Korea,2019,70916.0,805965.0,113651.0
Denmark,2005,1617.0,35307.0,218349.0
Denmark,2006,1536.0,31779.0,206895.0
Denmark,2007,1486.0,32000.0,215343.0
Denmark,2008,1500.0,28958.0,193053.0
Denmark,2009,1464.0,27513.0,187930.0
Denmark,2010,1610.0,24190.0,150248.0
Denmark,2011,1513.0,25735.0,170093.0
Denmark,2012,1348.0,18731.0,138954.0
Denmark,2013,1381.0,31184.0,225807.0
Denmark,2014,1378.0,35371.0,256684.0
Denmark,2015,1389.0,35647.0,256638.0
Denmark,2016,1330.0,36470.0,274211.0
Denmark,2017,1281.0,20496.0,160000.0
Denmark,2018,1420.0,32650.0,229930.0
Denmark,2019,1390.0,25210.0,181367.0
Eastern Africa,2005,5496.0,19290.0,35098.0
Eastern Africa,2006,5442.0,18820.0,34583.0
Eastern Africa,2007,5462.0,17688.0,32384.0
Eastern Africa,2008,5396.0,17054.0,31605.0
Eastern Africa,2009,5344.0,15422.0,28859.0
Eastern Africa,2010,5394.0,15058.0,27916.0
Eastern Africa,2011,5400.0,14570.0,26981.0
Eastern Africa,2012,5405.0,14628.0,27064.0
Eastern Africa,2013,5345.0,13796.0,25811.0
Eastern Africa,2014,6143.0,17481.0,28457.0
Eastern Africa,2015,6195.0,17676.0,28533.0
Eastern Africa,2016,6210.0,17588.0,28322.0
Eastern Africa,2017,6215.0,17374.0,27955.0
Eastern Africa,2018,6291.0,16667.0,26493.0
Eastern Africa,2019,6216.0,17258.0,27764.0
Eastern Asia,2005,2031096.0,25871298.0,127376.0
Eastern Asia,2006,2040531.0,27969351.0,137069.0
Eastern Asia,2007,2101626.0,29776675.0,141684.0
Eastern Asia,2008,2132248.0,31889854.0,149560.0
Eastern Asia,2009,2190007.0,33712332.0,153937.0
Eastern Asia,2010,2280736.0,35224283.0,154443.0
Eastern Asia,2011,2319262.0,37773808.0,162870.0
Eastern Asia,2012,2373153.0,40465915.0,170515.0
Eastern Asia,2013,2413524.0,41699309.0,172774.0
Eastern Asia,2014,2413807.0,42992845.0,178112.0
Eastern Asia,2015,2469510.0,41071375.0,166314.0
Eastern Asia,2016,2265029.0,42522343.0,187734.0
Eastern Asia,2017,2088879.0,43464982.0,208078.0
Eastern Asia,2018,2079467.0,41265895.0,198445.0
Eastern Asia,2019,2181067.0,44469467.0,203889.0
Eastern Europe,2005,977404.0,6447392.0,65964.0
Eastern Europe,2006,902421.0,6480214.0,71809.0
Eastern Europe,2007,897274.0,5839170.0,65077.0
Eastern Europe,2008,723385.0,6554152.0,90604.0
Eastern Europe,2009,706857.0,6870040.0,97191.0
Eastern Europe,2010,694326.0,5727388.0,82488.0
Eastern Europe,2011,694915.0,6174383.0,88851.0
Eastern Europe,2012,700511.0,7508123.0,107181.0
Eastern Europe,2013,706986.0,7816430.0,110560.0
Eastern Europe,2014,666177.0,8311647.0,124766.0
Eastern Europe,2015,678798.0,7871114.0,115957.0
Eastern Europe,2016,673309.0,8480036.0,125946.0
Eastern Europe,2017,644313.0,6820415.0,105856.0
Eastern Europe,2018,667428.0,10245972.0,153514.0
Eastern Europe,2019,664859.0,8302328.0,124874.0
Ecuador,2005,2989.0,16741.0,56009.0
Ecuador,2006,3000.0,16850.0,56167.0
Ecuador,2007,3100.0,17500.0,56452.0
Ecuador,2008,1200.0,6687.0,55725.0
Ecuador,2009,1500.0,8000.0,53333.0
Ecuador,2010,1832.0,9073.0,49525.0
Ecuador,2011,1778.0,9187.0,51670.0
Ecuador,2012,1657.0,9129.0,55094.0
Ecuador,2013,1548.0,8685.0,56105.0
Ecuador,2014,1395.0,7406.0,53090.0
Ecuador,2015,1294.0,6726.0,51978.0
Ecuador,2016,1156.0,6121.0,52950.0
Ecuador,2017,1045.0,5553.0,53139.0
Ecuador,2018,946.0,5050.0,53383.0
Ecuador,2019,869.0,4658.0,53602.0
Egypt,2005,25450.0,578250.0,227210.0
Egypt,2006,25100.0,570330.0,227223.0
Egypt,2007,24140.0,557944.0,231128.0
Egypt,2008,23883.0,550743.0,230600.0
Egypt,2009,21569.0,508833.0,235909.0
Egypt,2010,21088.0,493119.0,233839.0
Egypt,2011,20956.0,455817.0,217511.0
Egypt,2012,21145.0,541239.0,255965.0
Egypt,2013,24857.0,629613.0,253294.0
Egypt,2014,25777.0,623625.0,241931.0
Egypt,2015,28365.0,695769.0,245291.0
Egypt,2016,29353.0,754846.0,257161.0
Egypt,2017,28884.0,716271.0,247982.0
Egypt,2018,28799.0,716148.0,248671.0
Egypt,2019,28631.0,726794.0,253849.0
El Salvador,2005,350.0,2500.0,71429.0
El Salvador,2006,750.0,5000.0,66667.0
El Salvador,2007,750.0,5000.0,66667.0
El Salvador,2008,1500.0,10000.0,66667.0
El Salvador,2009,3200.0,21000.0,65625.0
El Salvador,2010,3500.0,23000.0,65714.0
El Salvador,2011,4900.0,32000.0,65306.0
El Salvador,2012,5000.0,34000.0,68000.0
El Salvador,2013,5415.0,36539.0,67477.0
El Salvador,2014,5922.0,39496.0,66694.0
El Salvador,2015,7102.0,47273.0,66563.0
El Salvador,2016,7722.0,51519.0,66717.0
El Salvador,2017,8397.0,56011.0,66704.0
El Salvador,2018,9073.0,60504.0,66686.0
El Salvador,2019,9749.0,64997.0,66670.0
Estonia,2005,6539.0,10663.0,16307.0
Estonia,2006,5118.0,2835.0,5539.0
Estonia,2007,4331.0,4087.0,9437.0
Estonia,2008,4039.0,2248.0,5566.0
Estonia,2009,4222.0,5446.0,12899.0
Estonia,2010,3319.0,1983.0,5975.0
Estonia,2011,3329.0,2702.0,8117.0
Estonia,2012,3140.0,1855.0,5908.0
Estonia,2013,3032.0,4411.0,14548.0
Estonia,2014,2924.0,2307.0,7890.0
Estonia,2015,2800.0,2700.0,9643.0
Estonia,2016,2482.0,5497.0,22147.0
Estonia,2017,2522.0,3648.0,14465.0
Estonia,2018,600.0,1640.0,27333.0
Estonia,2019,570.0,1850.0,32456.0
Europe,2005,1322919.0,14953320.0,113033.0
Europe,2006,1242248.0,15032299.0,121009.0
Europe,2007,1232046.0,14717905.0,119459.0
Europe,2008,1049741.0,15295843.0,145711.0
Europe,2009,1034160.0,15645484.0,151287.0
Europe,2010,1014697.0,13866817.0,136660.0
Europe,2011,1017368.0,14834040.0,145808.0
Europe,2012,1009570.0,14689463.0,145502.0
Europe,2013,1023303.0,16119920.0,157528.0
Europe,2014,977725.0,17490862.0,178893.0
Europe,2015,1008534.0,17208801.0,170632.0
Europe,2016,989907.0,17263515.0,174395.0
Europe,2017,952207.0,14274875.0,149914.0
Europe,2018,1011811.0,19659204.0,194297.0
Europe,2019,995578.0,17094614.0,171705.0
European Union (27),2005,584425.0,11148698.0,190764.0
European Union (27),2006,539677.0,11221527.0,207930.0
European Union (27),2007,543885.0,10123355.0,186130.0
European Union (27),2008,531801.0,11802728.0,221939.0
European Union (27),2009,520941.0,11713546.0,224854.0
European Union (27),2010,515993.0,10313023.0,199867.0
European Union (27),2011,521276.0,11121418.0,213350.0
European Union (27),2012,530623.0,10430595.0,196573.0
European Union (27),2013,533823.0,11368991.0,212973.0
European Union (27),2014,519629.0,12646122.0,243368.0
European Union (27),2015,520924.0,12319570.0,236495.0
European Union (27),2016,512688.0,12152076.0,237027.0
European Union (27),2017,513296.0,9638873.0,187784.0
European Union (27),2018,507250.0,13333440.0,262857.0
European Union (27),2019,502200.0,11588380.0,230752.0
European Union (28),2005,592875.0,11366798.0,191723.0
European Union (28),2006,555237.0,11490766.0,206952.0
European Union (28),2007,558845.0,10366455.0,185498.0
European Union (28),2008,547317.0,12045628.0,220085.0
European Union (28),2009,536491.0,11942546.0,222605.0
European Union (28),2010,531691.0,10548473.0,198395.0
European Union (28),2011,536905.0,11361308.0,211607.0
European Union (28),2012,546587.0,10634145.0,194555.0
European Union (28),2013,549900.0,11767491.0,213993.0
European Union (28),2014,535685.0,13097522.0,244500.0
European Union (28),2015,536795.0,12779170.0,238064.0
European Union (28),2016,529200.0,12633176.0,238722.0
European Union (28),2017,529903.0,10174173.0,192001.0
European Union (28),2018,523677.0,13839040.0,264267.0
European Union (28),2019,518140.0,12044780.0,232462.0
Finland,2005,646.0,3610.0,55882.0
Finland,2006,635.0,3261.0,51354.0
Finland,2007,649.0,3468.0,53436.0
Finland,2008,668.0,4282.0,64102.0
Finland,2009,653.0,4268.0,65360.0
Finland,2010,679.0,4262.0,62769.0
Finland,2011,669.0,5249.0,78460.0
Finland,2012,667.0,4807.0,72069.0
Finland,2013,660.0,4905.0,74318.0
Finland,2014,669.0,5211.0,77892.0
Finland,2015,666.0,6027.0,90495.0
Finland,2016,666.0,6401.0,96111.0
Finland,2017,684.0,6758.0,98801.0
Finland,2018,630.0,7200.0,114286.0
Finland,2019,650.0,8090.0,124462.0
France,2005,46723.0,1829166.0,391492.0
France,2006,43888.0,1679328.0,382639.0
France,2007,43252.0,1781947.0,411992.0
France,2008,42073.0,1701752.0,404476.0
France,2009,41201.0,1729615.0,419799.0
France,2010,40908.0,1751269.0,428099.0
France,2011,39725.0,1762640.0,443711.0
France,2012,38714.0,1306333.0,337432.0
France,2013,37593.0,1688158.0,449062.0
France,2014,50170.0,1847551.0,368258.0
France,2015,49663.0,1968628.0,396397.0
France,2016,50150.0,1823123.0,363534.0
France,2017,50309.0,1695949.0,337106.0
France,2018,50540.0,1740350.0,344351.0
France,2019,50370.0,1753500.0,348124.0
Georgia,2005,32989.0,104269.0,31607.0
Georgia,2006,10000.0,32800.0,32800.0
Georgia,2007,28000.0,101300.0,36179.0
Georgia,2008,12000.0,41500.0,34583.0
Georgia,2009,22000.0,80700.0,36682.0
Georgia,2010,5923.0,21100.0,35624.0
Georgia,2011,18151.0,64300.0,35425.0
Georgia,2012,12359.0,45000.0,36411.0
Georgia,2013,18680.0,68600.0,36724.0
Georgia,2014,22380.0,82300.0,36774.0
Georgia,2015,7663.0,25700.0,33538.0
Georgia,2016,19767.0,65200.0,32984.0
Georgia,2017,6073.0,19700.0,32439.0
Georgia,2018,25776.0,82700.0,32084.0
Georgia,2019,13897.0,44300.0,31877.0
Germany,2005,32339.0,891402.0,275643.0
Germany,2006,32504.0,947611.0,291537.0
Germany,2007,31721.0,1070036.0,337327.0
Germany,2008,31800.0,1046995.0,329244.0
Germany,2009,31813.0,1070678.0,336554.0
Germany,2010,31819.0,834960.0,262409.0
Germany,2011,31608.0,898448.0,284247.0
Germany,2012,31640.0,972405.0,307334.0
Germany,2013,31647.0,803784.0,253984.0
Germany,2014,31465.0,1115900.0,354648.0
Germany,2015,31408.0,973462.0,309941.0
Germany,2016,31334.0,1032913.0,329646.0
Germany,2017,33913.0,596666.0,175940.0
Germany,2018,33980.0,1198520.0,352713.0
Germany,2019,33980.0,991450.0,291775.0
Greece,2005,13354.0,250019.0,187224.0
Greece,2006,13291.0,288703.0,217217.0
Greece,2007,13207.0,251408.0,190360.0
Greece,2008,13433.0,259822.0,193421.0
Greece,2009,13568.0,268322.0,197761.0
Greece,2010,13445.0,273804.0,203647.0
Greece,2011,13331.0,274115.0,205622.0
Greece,2012,13310.0,265822.0,199716.0
Greece,2013,13212.0,253700.0,192022.0
Greece,2014,9811.0,252240.0,257099.0
Greece,2015,9827.0,267018.0,271719.0
Greece,2016,9683.0,279665.0,288821.0
Greece,2017,9294.0,253107.0,272334.0
Greece,2018,10350.0,285810.0,276145.0
Greece,2019,9820.0,277110.0,282189.0
Grenada,2005,11.0,50.0,45455.0
Grenada,2006,70.0,316.0,45143.0
Grenada,2007,100.0,427.0,42700.0
Grenada,2008,100.0,419.0,41900.0
Grenada,2009,105.0,461.0,43905.0
Grenada,2010,99.0,434.0,43838.0
Grenada,2011,100.0,438.0,43800.0
Grenada,2012,107.0,466.0,43551.0
Grenada,2013,104.0,452.0,43462.0
Grenada,2014,115.0,502.0,43652.0
Grenada,2015,108.0,471.0,43611.0
Grenada,2016,103.0,448.0,43495.0
Grenada,2017,106.0,463.0,43679.0
Grenada,2018,107.0,469.0,43832.0
Grenada,2019,109.0,475.0,43578.0
Guatemala,2005,3076.0,22122.0,71918.0
Guatemala,2006,3076.0,22244.0,72315.0
Guatemala,2007,3355.0,22113.0,65911.0
Guatemala,2008,4054.0,22113.0,54546.0
Guatemala,2009,6849.0,22113.0,32286.0
Guatemala,2010,6709.0,21773.0,32453.0
Guatemala,2011,6835.0,22440.0,32831.0
Guatemala,2012,6031.0,23242.0,38538.0
Guatemala,2013,6898.0,24304.0,35233.0
Guatemala,2014,6430.0,24812.0,38588.0
Guatemala,2015,6150.0,26227.0,42646.0
Guatemala,2016,5871.0,26499.0,45135.0
Guatemala,2017,5806.0,25383.0,43719.0
Guatemala,2018,6859.0,24853.0,36234.0
Guatemala,2019,7109.0,25226.0,35485.0
Honduras,2005,57.0,162.0,28421.0
Honduras,2006,60.0,175.0,29167.0
Honduras,2007,62.0,173.0,27903.0
Honduras,2008,67.0,171.0,25522.0
Honduras,2009,70.0,172.0,24571.0
Honduras,2010,75.0,174.0,23200.0
Honduras,2011,79.0,175.0,22152.0
Honduras,2012,84.0,177.0,21071.0
Honduras,2013,90.0,178.0,19778.0
Honduras,2014,96.0,180.0,18750.0
Honduras,2015,99.0,183.0,18485.0
Honduras,2016,104.0,183.0,17596.0
Honduras,2017,110.0,185.0,16818.0
Honduras,2018,117.0,186.0,15897.0
Honduras,2019,124.0,187.0,15081.0
Hungary,2005,42024.0,510361.0,121445.0
Hungary,2006,39136.0,537345.0,137302.0
Hungary,2007,40501.0,586113.0,144716.0
Hungary,2008,43100.0,568600.0,131926.0
Hungary,2009,36644.0,575368.0,157016.0
Hungary,2010,34030.0,496916.0,146023.0
Hungary,2011,33092.0,292810.0,88484.0
Hungary,2012,32040.0,650600.0,203059.0
Hungary,2013,33360.0,591870.0,177419.0
Hungary,2014,33260.0,779850.0,234471.0
Hungary,2015,32803.0,511460.0,155919.0
Hungary,2016,32485.0,497108.0,153027.0
Hungary,2017,32166.0,473662.0,147255.0
Hungary,2018,31840.0,678780.0,213185.0
Hungary,2019,30970.0,498330.0,160907.0
India,2005,230700.0,1739000.0,75379.0
India,2006,226600.0,1814000.0,80053.0
India,2007,252000.0,1624000.0,64444.0
India,2008,264000.0,2001000.0,75795.0
India,2009,274000.0,1985000.0,72445.0
India,2010,282900.0,1777200.0,62821.0
India,2011,289100.0,2891000.0,100000.0
India,2012,321900.0,2203400.0,68450.0
India,2013,312000.0,1915000.0,61378.0
India,2014,313040.0,2497680.0,79788.0
India,2015,319000.0,2134000.0,66897.0
India,2016,277000.0,2521000.0,91011.0
India,2017,305000.0,2265000.0,74262.0
India,2018,301000.0,2327000.0,77309.0
India,2019,308000.0,2316000.0,75195.0
Iran (Islamic Republic of),2005,162862.0,2661901.0,163445.0
Iran (Islamic Republic of),2006,149225.0,2306941.0,154595.0
Iran (Islamic Republic of),2007,173979.0,2977881.0,171163.0
Iran (Islamic Republic of),2008,173340.0,2778775.0,160308.0
Iran (Islamic Republic of),2009,173371.0,2854420.0,164642.0
Iran (Islamic Republic of),2010,197252.0,2903572.0,147201.0
Iran (Islamic Republic of),2011,197284.0,3112900.0,157788.0
Iran (Islamic Republic of),2012,197348.0,3103883.0,157280.0
Iran (Islamic Republic of),2013,197983.0,3035493.0,153321.0
Iran (Islamic Republic of),2014,235572.0,2412494.0,102410.0
Iran (Islamic Republic of),2015,240000.0,2500000.0,104167.0
Iran (Islamic Republic of),2016,140940.0,2096749.0,148769.0
Iran (Islamic Republic of),2017,119528.0,2398831.0,200692.0
Iran (Islamic Republic of),2018,101429.0,1936697.0,190941.0
Iran (Islamic Republic of),2019,100759.0,2241124.0,222424.0
Iraq,2005,10750.0,25000.0,23256.0
Iraq,2006,10750.0,25000.0,23256.0
Iraq,2007,10750.0,31000.0,28837.0
Iraq,2008,12000.0,36362.0,30302.0
Iraq,2009,12000.0,36576.0,30480.0
Iraq,2010,13000.0,39601.0,30462.0
Iraq,2011,15000.0,45948.0,30632.0
Iraq,2012,17000.0,52318.0,30775.0
Iraq,2013,20000.0,62433.0,31217.0
Iraq,2014,20000.0,63376.0,31688.0
Iraq,2015,14000.0,42307.0,30219.0
Iraq,2016,14500.0,44495.0,30686.0
Iraq,2017,15500.0,47626.0,30726.0
Iraq,2018,16000.0,49644.0,31028.0
Iraq,2019,24000.0,75831.0,31596.0
Ireland,2005,634.0,14800.0,233438.0
Ireland,2006,637.0,18200.0,285714.0
Ireland,2007,620.0,15000.0,241935.0
Ireland,2008,620.0,15600.0,251613.0
Ireland,2009,620.0,13100.0,211290.0
Ireland,2010,620.0,21100.0,340323.0
Ireland,2011,620.0,20400.0,329032.0
Ireland,2012,620.0,12100.0,195161.0
Ireland,2013,615.0,15200.0,247154.0
Ireland,2014,635.0,19600.0,308661.0
Ireland,2015,635.0,18800.0,296063.0
Ireland,2016,695.0,21800.0,313669.0
Ireland,2017,695.0,21369.0,307468.0
Ireland,2018,710.0,20140.0,283662.0
Ireland,2019,710.0,19880.0,280000.0
Israel,2005,4430.0,140337.0,316788.0
Israel,2006,3970.0,121644.0,306408.0
Israel,2007,3200.0,101226.0,316331.0
Israel,2008,3050.0,97425.0,319426.0
Israel,2009,2980.0,114650.0,384732.0
Israel,2010,2910.0,131474.0,451801.0
Israel,2011,2920.0,119231.0,408325.0
Israel,2012,2370.0,108000.0,455696.0
Israel,2013,2629.0,112128.0,426504.0
Israel,2014,2685.0,77813.0,289806.0
Israel,2015,2991.0,108000.0,361083.0
Israel,2016,3020.0,100000.0,331126.0
Israel,2017,2960.0,113000.0,381757.0
Israel,2018,2823.0,111000.0,393199.0
Israel,2019,2775.0,104000.0,374775.0
Italy,2005,57136.0,2192000.0,383646.0
Italy,2006,57143.0,2130980.0,372921.0
Italy,2007,56020.0,2230191.0,398106.0
Italy,2008,59000.0,2210100.0,374593.0
Italy,2009,58445.0,2325653.0,397922.0
Italy,2010,57907.0,2204972.0,380778.0
Italy,2011,56860.0,2411201.0,424059.0
Italy,2012,54684.0,1991312.0,364149.0
Italy,2013,55274.0,2216963.0,401086.0
Italy,2014,54743.0,2473608.0,451858.0
Italy,2015,54720.0,2473608.0,452048.0
Italy,2016,52775.0,2455616.0,465299.0
Italy,2017,53586.0,1921272.0,358540.0
Italy,2018,57440.0,2466990.0,429490.0
Italy,2019,55000.0,2303690.0,418853.0
Japan,2005,40800.0,818900.0,200711.0
Japan,2006,40300.0,831800.0,206402.0
Japan,2007,39900.0,840100.0,210551.0
Japan,2008,39500.0,910700.0,230557.0
Japan,2009,38800.0,845600.0,217938.0
Japan,2010,38100.0,786500.0,206430.0
Japan,2011,37800.0,655300.0,173360.0
Japan,2012,37400.0,793800.0,212246.0
Japan,2013,37200.0,741700.0,199382.0
Japan,2014,37100.0,816300.0,220027.0
Japan,2015,37000.0,811500.0,219324.0
Japan,2016,36800.0,765000.0,207880.0
Japan,2017,36500.0,735200.0,201425.0
Japan,2018,36200.0,756100.0,208867.0
Japan,2019,36000.0,701600.0,194889.0
Jordan,2005,3856.0,45563.0,118161.0
Jordan,2006,3856.0,46381.0,120283.0
Jordan,2007,2291.0,31523.0,137595.0
Jordan,2008,2291.0,34913.0,152392.0
Jordan,2009,2307.0,31111.0,134855.0
Jordan,2010,2291.0,28770.0,125578.0
Jordan,2011,2381.0,39653.0,166539.0
Jordan,2012,2381.0,36377.0,152780.0
Jordan,2013,2381.0,40635.0,170664.0
Jordan,2014,2390.0,39902.0,166954.0
Jordan,2015,2390.0,56570.0,236695.0
Jordan,2016,2389.0,55197.0,231046.0
Jordan,2017,755.0,24496.0,324450.0
Jordan,2018,755.0,20517.0,271748.0
Jordan,2019,788.0,21051.0,267145.0
Kazakhstan,2005,34100.0,142200.0,41701.0
Kazakhstan,2006,26200.0,115620.0,44130.0
Kazakhstan,2007,24400.0,101660.0,41664.0
Kazakhstan,2008,25800.0,94290.0,36547.0
Kazakhstan,2009,26100.0,117970.0,45199.0
Kazakhstan,2010,29700.0,107150.0,36077.0
Kazakhstan,2011,29127.0,114654.0,39363.0
Kazakhstan,2012,30282.0,129700.0,42831.0
Kazakhstan,2013,30290.0,143856.0,47493.0
Kazakhstan,2014,30352.0,157870.0,52013.0
Kazakhstan,2015,31645.0,147561.0,46630.0
Kazakhstan,2016,32463.0,188099.0,57943.0
Kazakhstan,2017,32955.0,181057.0,54941.0
Kazakhstan,2018,34680.0,222482.0,64153.0
Kazakhstan,2019,35171.0,216540.0,61568.0
Kenya,2005,239.0,4302.0,180000.0
Kenya,2006,256.0,4554.0,177891.0
Kenya,2007,198.0,3564.0,180000.0
Kenya,2008,153.0,3066.0,200392.0
Kenya,2009,91.0,1492.0,163956.0
Kenya,2010,137.0,1195.0,87226.0
Kenya,2011,139.0,779.0,56043.0
Kenya,2012,130.0,1128.0,86769.0
Kenya,2013,70.0,396.0,56571.0
Kenya,2014,62.0,606.0,97742.0
Kenya,2015,56.0,589.0,105179.0
Kenya,2016,82.0,623.0,75976.0
Kenya,2017,74.0,300.0,40541.0
Kenya,2018,238.0,426.0,17899.0
Kenya,2019,108.0,702.0,65000.0
Kyrgyzstan,2005,24500.0,107400.0,43837.0
Kyrgyzstan,2006,24500.0,136400.0,55673.0
Kyrgyzstan,2007,24500.0,122000.0,49796.0
Kyrgyzstan,2008,20800.0,90900.0,43702.0
Kyrgyzstan,2009,20900.0,113500.0,54306.0
Kyrgyzstan,2010,23200.0,111000.0,47845.0
Kyrgyzstan,2011,23100.0,127700.0,55281.0
Kyrgyzstan,2012,24500.0,137000.0,55918.0
Kyrgyzstan,2013,26000.0,143000.0,55000.0
Kyrgyzstan,2014,26600.0,145000.0,54511.0
Kyrgyzstan,2015,26500.0,128000.0,48302.0
Kyrgyzstan,2016,27796.0,139901.0,50331.0
Kyrgyzstan,2017,27061.0,150801.0,55726.0
Kyrgyzstan,2018,27188.0,148456.0,54604.0
Kyrgyzstan,2019,27437.0,151207.0,55111.0
Land Locked Developing Countries,2005,269619.0,1498243.0,55569.0
Land Locked Developing Countries,2006,268856.0,1632738.0,60729.0
Land Locked Developing Countries,2007,282379.0,1680434.0,59510.0
Land Locked Developing Countries,2008,274265.0,1875954.0,68399.0
Land Locked Developing Countries,2009,272466.0,1847442.0,67804.0
Land Locked Developing Countries,2010,284652.0,1875063.0,65872.0
Land Locked Developing Countries,2011,295630.0,2086849.0,70590.0
Land Locked Developing Countries,2012,306005.0,2267222.0,74091.0
Land Locked Developing Countries,2013,314952.0,2388370.0,75833.0
Land Locked Developing Countries,2014,309710.0,2563987.0,82787.0
Land Locked Developing Countries,2015,330738.0,2608779.0,78878.0
Land Locked Developing Countries,2016,348354.0,3088109.0,88649.0
Land Locked Developing Countries,2017,333650.0,2793073.0,83713.0
Land Locked Developing Countries,2018,350184.0,3257276.0,93016.0
Land Locked Developing Countries,2019,345087.0,3174035.0,91978.0
Latvia,2005,8515.0,37524.0,44068.0
Latvia,2006,9446.0,33898.0,35886.0
Latvia,2007,7369.0,30542.0,41447.0
Latvia,2008,5138.0,28859.0,56168.0
Latvia,2009,4138.0,12828.0,31000.0
Latvia,2010,3257.0,10325.0,31701.0
Latvia,2011,3379.0,7501.0,22199.0
Latvia,2012,3136.0,9449.0,30131.0
Latvia,2013,2762.0,14751.0,53407.0
Latvia,2014,2653.0,9623.0,36272.0
Latvia,2015,2417.0,7815.0,32333.0
Latvia,2016,2458.0,9854.0,40090.0
Latvia,2017,3331.0,7464.0,22408.0
Latvia,2018,3200.0,13900.0,43438.0
Latvia,2019,3440.0,10390.0,30203.0
Least Developed Countries,2005,15142.0,83999.0,55474.0
Least Developed Countries,2006,19086.0,118971.0,62334.0
Least Developed Countries,2007,19399.0,128261.0,66117.0
Least Developed Countries,2008,19267.0,125369.0,65069.0
Least Developed Countries,2009,21493.0,145535.0,67713.0
Least Developed Countries,2010,21982.0,146253.0,66533.0
Least Developed Countries,2011,22809.0,152805.0,66993.0
Least Developed Countries,2012,22636.0,153960.0,68016.0
Least Developed Countries,2013,23322.0,156213.0,66981.0
Least Developed Countries,2014,26166.0,163590.0,62520.0
Least Developed Countries,2015,26960.0,166656.0,61816.0
Least Developed Countries,2016,33429.0,216278.0,64698.0
Least Developed Countries,2017,39090.0,230460.0,58956.0
Least Developed Countries,2018,40749.0,276241.0,67791.0
Least Developed Countries,2019,40215.0,318092.0,79098.0
Lebanon,2005,9400.0,114800.0,122128.0
Lebanon,2006,9880.0,121500.0,122976.0
Lebanon,2007,10100.0,125200.0,123960.0
Lebanon,2008,10100.0,125200.0,123960.0
Lebanon,2009,11800.0,138100.0,117034.0
Lebanon,2010,12425.0,154429.0,124289.0
Lebanon,2011,10671.0,135807.0,127267.0
Lebanon,2012,9923.0,125714.0,126690.0
Lebanon,2013,9996.0,126485.0,126536.0
Lebanon,2014,12001.0,180565.0,150458.0
Lebanon,2015,12646.0,210424.0,166396.0
Lebanon,2016,16573.0,344469.0,207850.0
Lebanon,2017,16641.0,316155.0,189986.0
Lebanon,2018,13826.0,239001.0,172863.0
Lebanon,2019,13506.0,216861.0,160566.0
Libya,2005,547.0,19396.0,354589.0
Libya,2006,500.0,20000.0,400000.0
Libya,2007,500.0,20000.0,400000.0
Libya,2008,500.0,20000.0,400000.0
Libya,2009,500.0,20000.0,400000.0
Libya,2010,550.0,22000.0,400000.0
Libya,2011,580.0,20500.0,353448.0
Libya,2012,580.0,20500.0,353448.0
Libya,2013,580.0,20500.0,353448.0
Libya,2014,420.0,17460.0,415714.0
Libya,2015,327.0,14129.0,432080.0
Libya,2016,222.0,9414.0,424054.0
Libya,2017,206.0,8487.0,411990.0
Libya,2018,203.0,8457.0,416601.0
Libya,2019,201.0,8428.0,419303.0
Lithuania,2005,20786.0,96533.0,46441.0
Lithuania,2006,14856.0,99481.0,66964.0
Lithuania,2007,13312.0,40619.0,30513.0
Lithuania,2008,11655.0,74251.0,63707.0
Lithuania,2009,11553.0,53259.0,46100.0
Lithuania,2010,12122.0,34020.0,28065.0
Lithuania,2011,12669.0,49099.0,38755.0
Lithuania,2012,14389.0,72497.0,50384.0
Lithuania,2013,14219.0,62586.0,44016.0
Lithuania,2014,13826.0,60177.0,43525.0
Lithuania,2015,13242.0,73583.0,55568.0
Lithuania,2016,12253.0,65579.0,53521.0
Lithuania,2017,12374.0,87367.0,70605.0
Lithuania,2018,10130.0,80680.0,79645.0
Lithuania,2019,10180.0,32070.0,31503.0
Low Income Food Deficit Countries,2005,465792.0,3403137.0,73061.0
Low Income Food Deficit Countries,2006,473215.0,3774485.0,79763.0
Low Income Food Deficit Countries,2007,502631.0,3406520.0,67774.0
Low Income Food Deficit Countries,2008,508156.0,4010969.0,78932.0
Low Income Food Deficit Countries,2009,523060.0,4077681.0,77958.0
Low Income Food Deficit Countries,2010,554111.0,3998566.0,72162.0
Low Income Food Deficit Countries,2011,575568.0,5171016.0,89842.0
Low Income Food Deficit Countries,2012,616875.0,4675788.0,75798.0
Low Income Food Deficit Countries,2013,621016.0,4370893.0,70383.0
Low Income Food Deficit Countries,2014,625914.0,5181567.0,82784.0
Low Income Food Deficit Countries,2015,630039.0,4845538.0,76909.0
Low Income Food Deficit Countries,2016,612169.0,5674759.0,92699.0
Low Income Food Deficit Countries,2017,632157.0,5007257.0,79209.0
Low Income Food Deficit Countries,2018,633780.0,5398439.0,85178.0
Low Income Food Deficit Countries,2019,640347.0,5247585.0,81949.0
Luxembourg,2005,1020.0,3815.0,37402.0
Luxembourg,2006,1020.0,9080.0,89020.0
Luxembourg,2007,233.0,2233.0,95837.0
Luxembourg,2008,240.0,3079.0,128292.0
Luxembourg,2009,241.0,2340.0,97095.0
Luxembourg,2010,242.0,2406.0,99421.0
Luxembourg,2011,242.0,2130.0,88017.0
Luxembourg,2012,242.0,1816.0,75041.0
Luxembourg,2013,242.0,1926.0,79587.0
Luxembourg,2014,242.0,2615.0,108058.0
Luxembourg,2015,261.0,2419.0,92682.0
Luxembourg,2016,261.0,1510.0,57854.0
Luxembourg,2017,267.0,983.0,36816.0
Luxembourg,2018,270.0,2080.0,77037.0
Luxembourg,2019,270.0,1930.0,71481.0
Madagascar,2005,4391.0,6934.0,15791.0
Madagascar,2006,4400.0,7000.0,15909.0
Madagascar,2007,4500.0,7100.0,15778.0
Madagascar,2008,4483.0,7034.0,15690.0
Madagascar,2009,4497.0,7039.0,15653.0
Madagascar,2010,4506.0,7037.0,15617.0
Madagascar,2011,4514.0,7030.0,15574.0
Madagascar,2012,4550.0,7000.0,15385.0
Madagascar,2013,4550.0,6900.0,15165.0
Madagascar,2014,4534.0,6971.0,15375.0
Madagascar,2015,4595.0,7119.0,15493.0
Madagascar,2016,4593.0,7102.0,15463.0
Madagascar,2017,4607.0,7113.0,15440.0
Madagascar,2018,4621.0,7125.0,15419.0
Madagascar,2019,4635.0,7137.0,15398.0
Malawi,2014,800.0,3203.0,40038.0
Malawi,2015,800.0,3308.0,41350.0
Malawi,2016,800.0,3313.0,41413.0
Malawi,2017,800.0,3447.0,43088.0
Malawi,2018,700.0,2639.0,37700.0
Malawi,2019,743.0,2978.0,40081.0
Malta,2005,16.0,66.0,41250.0
Malta,2006,20.0,102.0,51000.0
Malta,2007,15.0,63.0,42000.0
Malta,2008,15.0,57.0,38000.0
Malta,2009,15.0,57.0,38000.0
Malta,2010,14.0,51.0,36429.0
Malta,2011,11.0,42.0,38182.0
Malta,2012,7.0,27.0,38571.0
Malta,2013,9.0,35.0,38889.0
Malta,2014,11.0,39.0,35455.0
Malta,2015,8.0,28.0,35000.0
Malta,2016,4.0,16.0,40000.0
Malta,2017,6.0,21.0,35000.0
Malta,2018,,20.0,
Malta,2019,,10.0,
Mexico,2005,59543.0,583994.0,98079.0
Mexico,2006,57777.0,601915.0,104179.0
Mexico,2007,56072.0,505078.0,90077.0
Mexico,2008,55286.0,511988.0,92607.0
Mexico,2009,56992.0,561493.0,98521.0
Mexico,2010,57742.0,584655.0,101253.0
Mexico,2011,56845.0,630533.0,110921.0
Mexico,2012,58451.0,375045.0,64164.0
Mexico,2013,59199.0,858608.0,145038.0
Mexico,2014,55447.0,716865.0,129288.0
Mexico,2015,55121.0,750325.0,136123.0
Mexico,2016,54248.0,716931.0,132158.0
Mexico,2017,53619.0,714149.0,133190.0
Mexico,2018,52389.0,659692.0,125922.0
Mexico,2019,52981.0,761483.0,143728.0
Montenegro,2006,91.0,2114.0,232308.0
Montenegro,2007,83.0,1907.0,229759.0
Montenegro,2008,85.0,1797.0,211412.0
Montenegro,2009,92.0,2877.0,312717.0
Montenegro,2010,100.0,2116.0,211600.0
Montenegro,2011,162.0,2651.0,163642.0
Montenegro,2012,167.0,2027.0,121377.0
Montenegro,2013,171.0,2518.0,147251.0
Montenegro,2014,132.0,2656.0,201212.0
Montenegro,2015,139.0,2817.0,202662.0
Montenegro,2016,151.0,1638.0,108477.0
Montenegro,2017,209.0,1347.0,64450.0
Montenegro,2018,214.0,1688.0,78879.0
Montenegro,2019,220.0,1490.0,67727.0
Morocco,2005,25600.0,308500.0,120508.0
Morocco,2006,25000.0,374000.0,149600.0
Morocco,2007,25936.0,426816.0,164565.0
Morocco,2008,26752.0,404310.0,151133.0
Morocco,2009,27334.0,422572.0,154596.0
Morocco,2010,27314.0,444861.0,162869.0
Morocco,2011,30073.0,512407.0,170388.0
Morocco,2012,31651.0,485642.0,153437.0
Morocco,2013,41771.0,583230.0,139626.0
Morocco,2014,43940.0,536199.0,122030.0
Morocco,2015,45207.0,674153.0,149126.0
Morocco,2016,48671.0,406379.0,83495.0
Morocco,2017,49498.0,820547.0,165774.0
Morocco,2018,50589.0,696950.0,137767.0
Morocco,2019,49731.0,809762.0,162828.0
Nepal,2005,3660.0,35130.0,95984.0
Nepal,2006,3757.0,33336.0,88730.0
Nepal,2007,3856.0,34546.0,89590.0
Nepal,2008,4003.0,36396.0,90922.0
Nepal,2009,4240.0,39134.0,92297.0
Nepal,2010,4510.0,41754.0,92581.0
Nepal,2011,5048.0,42704.0,84596.0
Nepal,2012,5674.0,48946.0,86264.0
Nepal,2013,5063.0,42814.0,84563.0
Nepal,2014,5141.0,35921.0,69872.0
Nepal,2015,5600.0,43502.0,77682.0
Nepal,2016,5625.0,41011.0,72908.0
Nepal,2017,3707.0,19850.0,53547.0
Nepal,2018,4133.0,28895.0,69913.0
Nepal,2019,4349.0,31386.0,72168.0
Net Food Importing Developing Countries,2005,219255.0,1615140.0,73665.0
Net Food Importing Developing Countries,2006,222574.0,1725816.0,77539.0
Net Food Importing Developing Countries,2007,221259.0,1834327.0,82904.0
Net Food Importing Developing Countries,2008,220799.0,1816662.0,82277.0
Net Food Importing Developing Countries,2009,220436.0,1746381.0,79224.0
Net Food Importing Developing Countries,2010,223077.0,1934580.0,86723.0
Net Food Importing Developing Countries,2011,228151.0,2071649.0,90802.0
Net Food Importing Developing Countries,2012,218767.0,2068266.0,94542.0
Net Food Importing Developing Countries,2013,233840.0,2330771.0,99674.0
Net Food Importing Developing Countries,2014,234357.0,2303217.0,98278.0
Net Food Importing Developing Countries,2015,236322.0,2512716.0,106326.0
Net Food Importing Developing Countries,2016,252787.0,2440529.0,96545.0
Net Food Importing Developing Countries,2017,243752.0,2663287.0,109262.0
Net Food Importing Developing Countries,2018,241745.0,2569440.0,106287.0
Net Food Importing Developing Countries,2019,233072.0,2705161.0,116065.0
Netherlands,2005,9737.0,359000.0,368697.0
Netherlands,2006,9562.0,365000.0,381719.0
Netherlands,2007,9400.0,391000.0,415957.0
Netherlands,2008,9300.0,375000.0,403226.0
Netherlands,2009,9129.0,407000.0,445832.0
Netherlands,2010,8681.0,334000.0,384748.0
Netherlands,2011,8266.0,418000.0,505686.0
Netherlands,2012,7948.0,281000.0,353548.0
Netherlands,2013,7906.0,314000.0,397167.0
Netherlands,2014,7849.0,353000.0,449739.0
Netherlands,2015,7600.0,336000.0,442105.0
Netherlands,2016,7335.0,317000.0,432175.0
Netherlands,2017,6953.0,227000.0,326478.0
Netherlands,2018,6600.0,269100.0,407727.0
Netherlands,2019,6420.0,273000.0,425234.0
New Zealand,2005,10982.0,524000.0,477144.0
New Zealand,2006,9720.0,354000.0,364198.0
New Zealand,2007,9247.0,421000.0,455283.0
New Zealand,2008,8832.0,446000.0,504982.0
New Zealand,2009,9284.0,431000.0,464240.0
New Zealand,2010,9380.0,444154.0,473512.0
New Zealand,2011,8995.0,439418.0,488514.0
New Zealand,2012,8845.0,437107.0,494185.0
New Zealand,2013,8884.0,444178.0,499975.0
New Zealand,2014,8417.0,490000.0,582155.0
New Zealand,2015,9999.0,540000.0,540054.0
New Zealand,2016,10129.0,550000.0,542995.0
New Zealand,2017,8615.0,470000.0,545560.0
New Zealand,2018,8594.0,480000.0,558529.0
New Zealand,2019,9760.0,553606.0,567219.0
North Macedonia,2005,9781.0,86217.0,88147.0
North Macedonia,2006,10841.0,95826.0,88392.0
North Macedonia,2007,14000.0,152089.0,108635.0
North Macedonia,2008,15000.0,174315.0,116210.0
North Macedonia,2009,11952.0,106356.0,88986.0
North Macedonia,2010,13650.0,121383.0,88925.0
North Macedonia,2011,13164.0,124552.0,94616.0
North Macedonia,2012,13465.0,127171.0,94446.0
North Macedonia,2013,11926.0,112929.0,94691.0
North Macedonia,2014,10957.0,95684.0,87327.0
North Macedonia,2015,15451.0,136931.0,88623.0
North Macedonia,2016,11097.0,101088.0,91095.0
North Macedonia,2017,4762.0,43366.0,91067.0
North Macedonia,2018,15408.0,140296.0,91054.0
North Macedonia,2019,9744.0,88701.0,91031.0
Northern Africa,2005,101656.0,1205858.0,118621.0
Northern Africa,2006,104668.0,1367572.0,130658.0
Northern Africa,2007,107480.0,1295770.0,120559.0
Northern Africa,2008,107941.0,1346020.0,124700.0
Northern Africa,2009,108719.0,1328874.0,122230.0
Northern Africa,2010,127665.0,1464617.0,114723.0
Northern Africa,2011,129026.0,1520829.0,117870.0
Northern Africa,2012,124294.0,1555910.0,125180.0
Northern Africa,2013,136282.0,1809280.0,132760.0
Northern Africa,2014,130345.0,1761599.0,135149.0
Northern Africa,2015,134080.0,1925523.0,143610.0
Northern Africa,2016,150035.0,1797494.0,119805.0
Northern Africa,2017,141428.0,2137844.0,151161.0
Northern Africa,2018,138990.0,2021322.0,145429.0
Northern Africa,2019,133087.0,2223659.0,167083.0
Northern America,2005,168968.0,4799277.0,284035.0
Northern America,2006,165544.0,4858592.0,293492.0
Northern America,2007,160312.0,4569250.0,285022.0
Northern America,2008,158959.0,4791913.0,301456.0
Northern America,2009,156723.0,4829758.0,308172.0
Northern America,2010,152462.0,4581315.0,300489.0
Northern America,2011,150404.0,4701833.0,312614.0
Northern America,2012,147562.0,4361605.0,295578.0
Northern America,2013,146699.0,5158895.0,351665.0
Northern America,2014,144637.0,5768579.0,398831.0
Northern America,2015,146767.0,4905298.0,334223.0
Northern America,2016,148933.0,5632029.0,378159.0
Northern America,2017,148432.0,5642752.0,380157.0
Northern America,2018,133340.0,5047768.0,378564.0
Northern America,2019,134094.0,5375609.0,400884.0
Northern Europe,2005,50322.0,445148.0,88460.0
Northern Europe,2006,51033.0,497653.0,97516.0
Northern Europe,2007,45779.0,400735.0,87537.0
Northern Europe,2008,42218.0,436015.0,103277.0
Northern Europe,2009,41404.0,379995.0,91777.0
Northern Europe,2010,40233.0,366321.0,91050.0
Northern Europe,2011,40519.0,379729.0,93716.0
Northern Europe,2012,42160.0,357355.0,84762.0
Northern Europe,2013,41548.0,568706.0,136879.0
Northern Europe,2014,40804.0,621591.0,152336.0
Northern Europe,2015,39723.0,640322.0,161197.0
Northern Europe,2016,39304.0,665503.0,169322.0
Northern Europe,2017,40272.0,717196.0,178088.0
Northern Europe,2018,35978.0,707298.0,196592.0
Northern Europe,2019,35889.0,591693.0,164868.0
Norway,2005,1695.0,10928.0,64472.0
Norway,2006,1645.0,14960.0,90942.0
Norway,2007,1652.0,10919.0,66096.0
Norway,2008,1682.0,16717.0,99388.0
Norway,2009,1704.0,13581.0,79701.0
Norway,2010,1428.0,11491.0,80469.0
Norway,2011,1401.0,8469.0,60450.0
Norway,2012,1396.0,10976.0,78625.0
Norway,2013,1402.0,9769.0,69679.0
Norway,2014,1373.0,13322.0,97028.0
Norway,2015,1373.0,10800.0,78660.0
Norway,2016,1368.0,12522.0,91535.0
Norway,2017,1378.0,12664.0,91901.0
Norway,2018,1451.0,14878.0,102536.0
Norway,2019,1489.0,15593.0,104721.0
Oceania,2005,31482.0,976650.0,310225.0
Oceania,2006,29720.0,655251.0,220475.0
Oceania,2007,29247.0,798980.0,273184.0
Oceania,2008,25273.0,711481.0,281518.0
Oceania,2009,31284.0,726134.0,232110.0
Oceania,2010,26172.0,708555.0,270730.0
Oceania,2011,27785.0,739196.0,266041.0
Oceania,2012,26901.0,726171.0,269942.0
Oceania,2013,26899.0,733056.0,272522.0
Oceania,2014,25121.0,756771.0,301250.0
Oceania,2015,28507.0,835196.0,292979.0
Oceania,2016,29462.0,858298.0,291324.0
Oceania,2017,28283.0,783730.0,277103.0
Oceania,2018,25412.0,748355.0,294489.0
Oceania,2019,26372.0,818756.0,310464.0
Pakistan,2005,112000.0,351232.0,31360.0
Pakistan,2006,112600.0,348440.0,30945.0
Pakistan,2007,113000.0,441575.0,39077.0
Pakistan,2008,113100.0,441062.0,38998.0
Pakistan,2009,111597.0,366360.0,32829.0
Pakistan,2010,110562.0,525855.0,47562.0
Pakistan,2011,110411.0,598804.0,54234.0
Pakistan,2012,103830.0,556307.0,53579.0
Pakistan,2013,105153.0,606016.0,57632.0
Pakistan,2014,100246.0,616748.0,61523.0
Pakistan,2015,96928.0,620481.0,64015.0
Pakistan,2016,95260.0,669912.0,70325.0
Pakistan,2017,88589.0,564693.0,63743.0
Pakistan,2018,82041.0,543645.0,66265.0
Pakistan,2019,73995.0,499490.0,67503.0
Palestine,2005,230.0,970.0,42174.0
Palestine,2006,256.0,1063.0,41523.0
Palestine,2007,255.0,1062.0,41647.0
Palestine,2008,245.0,1269.0,51796.0
Palestine,2009,150.0,680.0,45333.0
Palestine,2010,100.0,490.0,49000.0
Palestine,2011,166.0,833.0,50181.0
Palestine,2012,178.0,910.0,51124.0
Palestine,2013,194.0,1005.0,51804.0
Palestine,2014,230.0,1250.0,54348.0
Palestine,2015,150.0,800.0,53333.0
Palestine,2016,130.0,860.0,66154.0
Palestine,2017,158.0,919.0,58165.0
Palestine,2018,165.0,932.0,56485.0
Palestine,2019,164.0,937.0,57134.0
Paraguay,2005,71.0,560.0,78873.0
Paraguay,2006,76.0,604.0,79474.0
Paraguay,2007,81.0,650.0,80247.0
Paraguay,2008,84.0,669.0,79643.0
Paraguay,2009,85.0,685.0,80588.0
Paraguay,2010,86.0,690.0,80233.0
Paraguay,2011,88.0,697.0,79205.0
Paraguay,2012,90.0,705.0,78333.0
Paraguay,2013,89.0,710.0,79775.0
Paraguay,2014,89.0,714.0,80225.0
Paraguay,2015,76.0,614.0,80789.0
Paraguay,2016,68.0,547.0,80441.0
Paraguay,2017,61.0,489.0,80164.0
Paraguay,2018,55.0,444.0,80727.0
Paraguay,2019,51.0,415.0,81373.0
Peru,2005,10460.0,139332.0,133205.0
Peru,2006,10066.0,136399.0,135505.0
Peru,2007,10063.0,136744.0,135888.0
Peru,2008,9736.0,135209.0,138875.0
Peru,2009,9610.0,137208.0,142776.0
Peru,2010,9535.0,143861.0,150877.0
Peru,2011,9715.0,149561.0,153949.0
Peru,2012,9483.0,146774.0,154776.0
Peru,2013,9442.0,156350.0,165590.0
Peru,2014,9661.0,159879.0,165489.0
Peru,2015,9744.0,159550.0,163742.0
Peru,2016,9759.0,158098.0,162002.0
Peru,2017,9701.0,149787.0,154404.0
Peru,2018,8580.0,140569.0,163833.0
Peru,2019,7821.0,142284.0,181926.0
Poland,2005,169650.0,2074951.0,122308.0
Poland,2006,161989.0,2304892.0,142287.0
Poland,2007,175595.0,1039967.0,59225.0
Poland,2008,171963.0,2830658.0,164609.0
Poland,2009,173607.0,2626273.0,151277.0
Poland,2010,170443.0,1877906.0,110178.0
Poland,2011,183526.0,2493078.0,135843.0
Poland,2012,194680.0,2877336.0,147798.0
Poland,2013,193439.0,3085074.0,159486.0
Poland,2014,176335.0,3195299.0,181206.0
Poland,2015,180399.0,3168818.0,175656.0
Poland,2016,177203.0,3604271.0,203398.0
Poland,2017,176352.0,2441393.0,138439.0
Poland,2018,166150.0,3999520.0,240717.0
Poland,2019,166440.0,3080600.0,185088.0
Portugal,2005,16840.0,250543.0,148779.0
Portugal,2006,15700.0,256618.0,163451.0
Portugal,2007,14558.0,245471.0,168616.0
Portugal,2008,13757.0,237011.0,172284.0
Portugal,2009,12565.0,263146.0,209428.0
Portugal,2010,12450.0,212902.0,171006.0
Portugal,2011,12539.0,247229.0,197168.0
Portugal,2012,12903.0,220761.0,171093.0
Portugal,2013,13661.0,287314.0,210317.0
Portugal,2014,13847.0,273721.0,197675.0
Portugal,2015,14006.0,324994.0,232039.0
Portugal,2016,14399.0,241611.0,167797.0
Portugal,2017,14786.0,329371.0,222759.0
Portugal,2018,14580.0,263960.0,181043.0
Portugal,2019,14580.0,355700.0,243964.0
Republic of Korea,2005,26907.0,367517.0,136588.0
Republic of Korea,2006,28312.0,407621.0,143975.0
Republic of Korea,2007,29358.0,435686.0,148405.0
Republic of Korea,2008,30006.0,470865.0,156924.0
Republic of Korea,2009,30451.0,494491.0,162389.0
Republic of Korea,2010,30992.0,460285.0,148517.0
Republic of Korea,2011,31167.0,379541.0,121777.0
Republic of Korea,2012,30734.0,394596.0,128391.0
Republic of Korea,2013,30449.0,493701.0,162140.0
Republic of Korea,2014,30702.0,474712.0,154619.0
Republic of Korea,2015,31620.0,582846.0,184328.0
Republic of Korea,2016,33300.0,576369.0,173084.0
Republic of Korea,2017,33601.0,545349.0,162301.0
Republic of Korea,2018,33234.0,475303.0,143017.0
Republic of Korea,2019,32954.0,535324.0,162446.0
Republic of Moldova,2005,64477.0,278421.0,43181.0
Republic of Moldova,2006,63627.0,202790.0,31872.0
Republic of Moldova,2007,62693.0,218189.0,34803.0
Republic of Moldova,2008,61069.0,255086.0,41770.0
Republic of Moldova,2009,58413.0,209594.0,35881.0
Republic of Moldova,2010,57355.0,207903.0,36248.0
Republic of Moldova,2011,55790.0,268842.0,48188.0
Republic of Moldova,2012,55638.0,281849.0,50658.0
Republic of Moldova,2013,53849.0,307246.0,57057.0
Republic of Moldova,2014,44459.0,370024.0,83228.0
Republic of Moldova,2015,54552.0,307660.0,56398.0
Republic of Moldova,2016,52454.0,411768.0,78501.0
Republic of Moldova,2017,52737.0,487161.0,92376.0
Republic of Moldova,2018,51135.0,665184.0,130084.0
Republic of Moldova,2019,51130.0,610921.0,119484.0
Romania,2005,81672.0,637979.0,78115.0
Romania,2006,59298.0,590413.0,99567.0
Romania,2007,59017.0,475370.0,80548.0
Romania,2008,54704.0,459016.0,83909.0
Romania,2009,52637.0,517491.0,98313.0
Romania,2010,56373.0,552860.0,98072.0
Romania,2011,52722.0,620362.0,117667.0
Romania,2012,55366.0,462935.0,83614.0
Romania,2013,60276.0,513580.0,85205.0
Romania,2014,56130.0,513195.0,91430.0
Romania,2015,55883.0,476059.0,85189.0
Romania,2016,55528.0,467259.0,84148.0
Romania,2017,55597.0,348656.0,62711.0
Romania,2018,53940.0,634770.0,117681.0
Romania,2019,52740.0,492700.0,93421.0
Russian Federation,2005,401000.0,1786000.0,44539.0
Russian Federation,2006,373800.0,1626000.0,43499.0
Russian Federation,2007,364000.0,2342000.0,64341.0
Russian Federation,2008,199500.0,1122400.0,56261.0
Russian Federation,2009,196600.0,1441200.0,73306.0
Russian Federation,2010,192000.0,992000.0,51667.0
Russian Federation,2011,188000.0,1198000.0,63723.0
Russian Federation,2012,182000.0,1403000.0,77088.0
Russian Federation,2013,188000.0,1573000.0,83670.0
Russian Federation,2014,183000.0,1624000.0,88743.0
Russian Federation,2015,188000.0,1612700.0,85782.0
Russian Federation,2016,197329.0,1701100.0,86206.0
Russian Federation,2017,171008.0,1493600.0,87341.0
Russian Federation,2018,206429.0,1859400.0,90075.0
Russian Federation,2019,210822.0,1950800.0,92533.0
Réunion,2005,6.0,54.0,90000.0
Réunion,2006,7.0,70.0,100000.0
Saint Vincent and the Grenadines,2005,310.0,1250.0,40323.0
Saint Vincent and the Grenadines,2006,320.0,1250.0,39063.0
Saint Vincent and the Grenadines,2007,320.0,1300.0,40625.0
Saint Vincent and the Grenadines,2008,350.0,1400.0,40000.0
Saint Vincent and the Grenadines,2009,360.0,1637.0,45472.0
Saint Vincent and the Grenadines,2010,200.0,1058.0,52900.0
Saint Vincent and the Grenadines,2011,251.0,1210.0,48207.0
Saint Vincent and the Grenadines,2012,230.0,1196.0,52000.0
Saint Vincent and the Grenadines,2013,225.0,1149.0,51067.0
Saint Vincent and the Grenadines,2014,192.0,990.0,51563.0
Saint Vincent and the Grenadines,2015,193.0,1021.0,52902.0
Saint Vincent and the Grenadines,2016,196.0,1046.0,53367.0
Saint Vincent and the Grenadines,2017,328.0,1774.0,54085.0
Saint Vincent and the Grenadines,2018,332.0,1826.0,55000.0
Saint Vincent and the Grenadines,2019,266.0,1482.0,55714.0
Serbia,2006,24000.0,240320.0,100133.0
Serbia,2007,25000.0,245228.0,98091.0
Serbia,2008,23000.0,235601.0,102435.0
Serbia,2009,28000.0,281868.0,100667.0
Serbia,2010,24000.0,239945.0,99977.0
Serbia,2011,26600.0,265576.0,99841.0
Serbia,2012,24400.0,243987.0,99995.0
Serbia,2013,23737.0,458409.0,193120.0
Serbia,2014,23737.0,336313.0,141683.0
Serbia,2015,24703.0,431759.0,174780.0
Serbia,2016,24818.0,400473.0,161364.0
Serbia,2017,25134.0,378644.0,150650.0
Serbia,2018,25917.0,460404.0,177646.0
Serbia,2019,26089.0,499578.0,191490.0
Serbia and Montenegro,2005,30025.0,202104.0,67312.0
Slovakia,2005,3198.0,47000.0,146967.0
Slovakia,2006,3345.0,30776.0,92006.0
Slovakia,2007,3244.0,17724.0,54636.0
Slovakia,2008,3426.0,41803.0,122017.0
Slovakia,2009,2745.0,37689.0,137301.0
Slovakia,2010,2683.0,34215.0,127525.0
Slovakia,2011,2294.0,31355.0,136683.0
Slovakia,2012,2908.0,44481.0,152961.0
Slovakia,2013,2795.0,45949.0,164397.0
Slovakia,2014,2557.0,48494.0,189652.0
Slovakia,2015,2376.0,46250.0,194655.0
Slovakia,2016,2311.0,20722.0,89667.0
Slovakia,2017,2179.0,32478.0,149050.0
Slovakia,2018,2140.0,43930.0,205280.0
Slovakia,2019,2060.0,35190.0,170825.0
Slovenia,2005,3099.0,106196.0,342678.0
Slovenia,2006,3099.0,119176.0,384563.0
Slovenia,2007,2874.0,114492.0,398372.0
Slovenia,2008,2874.0,102893.0,358013.0
Slovenia,2009,2722.0,95662.0,351440.0
Slovenia,2010,2765.0,117569.0,425204.0
Slovenia,2011,2734.0,105355.0,385351.0
Slovenia,2012,2702.0,55300.0,204663.0
Slovenia,2013,2643.0,92449.0,349788.0
Slovenia,2014,2545.0,99834.0,392275.0
Slovenia,2015,2465.0,115091.0,466901.0
Slovenia,2016,2416.0,59573.0,246577.0
Slovenia,2017,2355.0,80000.0,339703.0
Slovenia,2018,2330.0,86590.0,371631.0
Slovenia,2019,2270.0,54270.0,239075.0
Small Island Developing States,2005,321.0,1300.0,40498.0
Small Island Developing States,2006,390.0,1566.0,40154.0
Small Island Developing States,2007,420.0,1727.0,41119.0
Small Island Developing States,2008,450.0,1819.0,40422.0
Small Island Developing States,2009,465.0,2098.0,45118.0
Small Island Developing States,2010,299.0,1492.0,49900.0
Small Island Developing States,2011,351.0,1648.0,46952.0
Small Island Developing States,2012,337.0,1662.0,49318.0
Small Island Developing States,2013,329.0,1601.0,48663.0
Small Island Developing States,2014,307.0,1492.0,48599.0
Small Island Developing States,2015,301.0,1492.0,49568.0
Small Island Developing States,2016,299.0,1494.0,49967.0
Small Island Developing States,2017,434.0,2237.0,51544.0
Small Island Developing States,2018,439.0,2295.0,52278.0
Small Island Developing States,2019,375.0,1957.0,52187.0
South Africa,2005,21326.0,678842.0,318317.0
South Africa,2006,20633.0,633495.0,307030.0
South Africa,2007,22000.0,708430.0,322014.0
South Africa,2008,23000.0,778141.0,338322.0
South Africa,2009,21000.0,817698.0,389380.0
South Africa,2010,20449.0,724232.0,354165.0
South Africa,2011,21919.0,781124.0,356368.0
South Africa,2012,22900.0,795758.0,347493.0
South Africa,2013,24819.0,903843.0,364174.0
South Africa,2014,20829.0,777741.0,373393.0
South Africa,2015,24626.0,934375.0,379426.0
South Africa,2016,23941.0,916143.0,382667.0
South Africa,2017,23948.0,929028.0,387936.0
South Africa,2018,21093.0,829636.0,393323.0
South Africa,2019,22373.0,891979.0,398685.0
South America,2005,132671.0,3599155.0,271284.0
South America,2006,129431.0,3534675.0,273093.0
South America,2007,126954.0,3741999.0,294752.0
South America,2008,122640.0,3775162.0,307825.0
South America,2009,120139.0,3655453.0,304269.0
South America,2010,114417.0,3832843.0,334989.0
South America,2011,128364.0,4313388.0,336028.0
South America,2012,125641.0,4208279.0,334945.0
South America,2013,123830.0,4133700.0,333821.0
South America,2014,115729.0,4036989.0,348831.0
South America,2015,113504.0,3895617.0,343214.0
South America,2016,105337.0,3451650.0,327677.0
South America,2017,103706.0,3725703.0,359256.0
South America,2018,105450.0,3615525.0,342866.0
South America,2019,99493.0,3580685.0,359893.0
Southern Africa,2005,21326.0,678842.0,318317.0
Southern Africa,2006,20633.0,633495.0,307030.0
Southern Africa,2007,22000.0,708430.0,322014.0
Southern Africa,2008,23000.0,778141.0,338322.0
Southern Africa,2009,21000.0,817698.0,389380.0
Southern Africa,2010,20449.0,724232.0,354165.0
Southern Africa,2011,21919.0,781124.0,356368.0
Southern Africa,2012,22900.0,795758.0,347493.0
Southern Africa,2013,24819.0,903843.0,364174.0
Southern Africa,2014,20829.0,777741.0,373393.0
Southern Africa,2015,24626.0,934375.0,379426.0
Southern Africa,2016,23941.0,916143.0,382667.0
Southern Africa,2017,23948.0,929028.0,387936.0
Southern Africa,2018,21093.0,829636.0,393323.0
Southern Africa,2019,22373.0,891979.0,398685.0
Southern Asia,2005,514373.0,4817923.0,93666.0
Southern Asia,2006,500982.0,4562624.0,91074.0
Southern Asia,2007,551685.0,5144578.0,93252.0
Southern Asia,2008,562943.0,5318332.0,94474.0
Southern Asia,2009,573658.0,5324202.0,92811.0
Southern Asia,2010,605868.0,5325597.0,87900.0
Southern Asia,2011,612756.0,6728201.0,109802.0
Southern Asia,2012,638800.0,5990202.0,93773.0
Southern Asia,2013,631540.0,5685750.0,90030.0
Southern Asia,2014,667346.0,5660240.0,84817.0
Southern Asia,2015,675266.0,5393024.0,79865.0
Southern Asia,2016,539039.0,5476162.0,101591.0
Southern Asia,2017,544621.0,5431413.0,99728.0
Southern Asia,2018,517750.0,5057113.0,97675.0
Southern Asia,2019,515387.0,5342645.0,103663.0
Southern Europe,2005,192159.0,3986834.0,207476.0
Southern Europe,2006,188940.0,3927469.0,207869.0
Southern Europe,2007,191652.0,4121980.0,215076.0
Southern Europe,2008,188430.0,4037607.0,214276.0
Southern Europe,2009,191589.0,4138553.0,216012.0
Southern Europe,2010,186540.0,4034047.0,216256.0
Southern Europe,2011,190154.0,4339995.0,228236.0
Southern Europe,2012,177117.0,3546367.0,200227.0
Southern Europe,2013,186288.0,4253302.0,228319.0
Southern Europe,2014,170024.0,4378476.0,257521.0
Southern Europe,2015,190353.0,4630797.0,243274.0
Southern Europe,2016,177869.0,4376219.0,246036.0
Southern Europe,2017,166210.0,3799322.0,228586.0
Southern Europe,2018,200499.0,4579856.0,228423.0
Southern Europe,2019,187654.0,4491937.0,239373.0
Spain,2005,38974.0,774210.0,198648.0
Spain,2006,37844.0,650384.0,171859.0
Spain,2007,36902.0,721178.0,195431.0
Spain,2008,33362.0,661724.0,198347.0
Spain,2009,32715.0,601979.0,184007.0
Spain,2010,31812.0,645918.0,203042.0
Spain,2011,31507.0,670264.0,212735.0
Spain,2012,30753.0,481223.0,156480.0
Spain,2013,30800.0,546400.0,177403.0
Spain,2014,30726.0,620823.0,202051.0
Spain,2015,30721.0,593592.0,193220.0
Spain,2016,30872.0,621164.0,201206.0
Spain,2017,30550.0,587034.0,192155.0
Spain,2018,29930.0,562960.0,188092.0
Spain,2019,29640.0,638840.0,215533.0
Sweden,2005,1440.0,17683.0,122799.0
Sweden,2006,1600.0,24000.0,150000.0
Sweden,2007,1400.0,21000.0,150000.0
Sweden,2008,1400.0,22200.0,158571.0
Sweden,2009,1500.0,21000.0,140000.0
Sweden,2010,1500.0,23500.0,156667.0
Sweden,2011,1310.0,20684.0,157893.0
Sweden,2012,1500.0,23390.0,155933.0
Sweden,2013,1400.0,27400.0,195714.0
Sweden,2014,1290.0,24580.0,190543.0
Sweden,2015,1330.0,25350.0,190602.0
Sweden,2016,1540.0,26280.0,170649.0
Sweden,2017,1400.0,22130.0,158071.0
Sweden,2018,1410.0,30610.0,217092.0
Sweden,2019,1520.0,22210.0,146118.0
Switzerland,2005,4315.0,212996.0,493618.0
Switzerland,2006,4280.0,259305.0,605853.0
Switzerland,2007,4235.0,274922.0,649166.0
Switzerland,2008,4195.0,254887.0,607597.0
Switzerland,2009,4226.0,251054.0,594070.0
Switzerland,2010,4218.0,201641.0,478049.0
Switzerland,2011,4187.0,327500.0,782183.0
Switzerland,2012,4138.0,233556.0,564418.0
Switzerland,2013,3993.0,210129.0,526243.0
Switzerland,2014,3894.0,231343.0,594101.0
Switzerland,2015,3863.0,214250.0,554621.0
Switzerland,2016,3854.0,227300.0,589777.0
Switzerland,2017,3806.0,145864.0,383248.0
Switzerland,2018,3786.0,296778.0,783883.0
Switzerland,2019,3736.0,189726.0,507832.0
Syrian Arab Republic,2005,33370.0,296057.0,88720.0
Syrian Arab Republic,2006,34720.0,374330.0,107814.0
Syrian Arab Republic,2007,32320.0,280247.0,86710.0
Syrian Arab Republic,2008,33600.0,360700.0,107351.0
Syrian Arab Republic,2009,35500.0,360978.0,101684.0
Syrian Arab Republic,2010,50662.0,393146.0,77602.0
Syrian Arab Republic,2011,51757.0,307760.0,59462.0
Syrian Arab Republic,2012,50632.0,349166.0,68962.0
Syrian Arab Republic,2013,53180.0,256614.0,48254.0
Syrian Arab Republic,2014,53275.0,397858.0,74680.0
Syrian Arab Republic,2015,48552.0,347844.0,71644.0
Syrian Arab Republic,2016,50049.0,344809.0,68894.0
Syrian Arab Republic,2017,52130.0,308985.0,59272.0
Syrian Arab Republic,2018,52231.0,476635.0,91255.0
Syrian Arab Republic,2019,51933.0,286564.0,55180.0
Tajikistan,2005,30400.0,104800.0,34474.0
Tajikistan,2006,30400.0,147000.0,48355.0
Tajikistan,2007,35300.0,111000.0,31445.0
Tajikistan,2008,38000.0,185500.0,48816.0
Tajikistan,2009,37000.0,148000.0,40000.0
Tajikistan,2010,38000.0,156000.0,41053.0
Tajikistan,2011,40000.0,183300.0,45825.0
Tajikistan,2012,40700.0,218300.0,53636.0
Tajikistan,2013,43000.0,227000.0,52791.0
Tajikistan,2014,44300.0,236000.0,53273.0
Tajikistan,2015,44173.0,230387.0,52156.0
Tajikistan,2016,42731.0,224128.0,52451.0
Tajikistan,2017,42869.0,231458.0,53992.0
Tajikistan,2018,43022.0,237080.0,55107.0
Tajikistan,2019,43208.0,242918.0,56221.0
Tunisia,2005,25780.0,100000.0,38790.0
Tunisia,2006,25410.0,120000.0,47226.0
Tunisia,2007,25000.0,101000.0,40400.0
Tunisia,2008,23600.0,110000.0,46610.0
Tunisia,2009,22700.0,110000.0,48458.0
Tunisia,2010,26294.0,126000.0,47920.0
Tunisia,2011,26337.0,128000.0,48601.0
Tunisia,2012,22090.0,111000.0,50249.0
Tunisia,2013,21010.0,120000.0,57116.0
Tunisia,2014,19790.0,121500.0,61395.0
Tunisia,2015,19170.0,90000.0,46948.0
Tunisia,2016,25719.0,126000.0,48991.0
Tunisia,2017,18220.0,98300.0,53952.0
Tunisia,2018,20365.0,111959.0,54976.0
Tunisia,2019,21535.0,119845.0,55651.0
Turkey,2005,160240.0,2570000.0,160384.0
Turkey,2006,162666.0,2002033.0,123076.0
Turkey,2007,157750.0,2457845.0,155806.0
Turkey,2008,158400.0,2504494.0,158112.0
Turkey,2009,162650.0,2782365.0,171065.0
Turkey,2010,165078.0,2600000.0,157501.0
Turkey,2011,166673.0,2680075.0,160798.0
Turkey,2012,174811.0,2888985.0,165263.0
Turkey,2013,173095.0,3128450.0,180736.0
Turkey,2014,171417.0,2480444.0,144702.0
Turkey,2015,171410.0,2569759.0,149919.0
Turkey,2016,173394.0,2925828.0,168739.0
Turkey,2017,175357.0,3032164.0,172914.0
Turkey,2018,174690.0,3625960.0,207565.0
Turkey,2019,174439.0,3618752.0,207451.0
Turkmenistan,2005,6000.0,45000.0,75000.0
Turkmenistan,2006,5000.0,43000.0,86000.0
Turkmenistan,2007,6000.0,63400.0,105667.0
Turkmenistan,2008,5600.0,61500.0,109821.0
Turkmenistan,2009,6000.0,64000.0,106667.0
Turkmenistan,2010,5900.0,63000.0,106780.0
Turkmenistan,2011,5900.0,62800.0,106441.0
Turkmenistan,2012,5900.0,63300.0,107288.0
Turkmenistan,2013,5900.0,63200.0,107119.0
Turkmenistan,2014,5900.0,63100.0,106949.0
Turkmenistan,2015,5900.0,63200.0,107119.0
Turkmenistan,2016,5900.0,63200.0,107119.0
Turkmenistan,2017,5900.0,63200.0,107119.0
Turkmenistan,2018,5967.0,64210.0,107609.0
Turkmenistan,2019,5889.0,66525.0,112965.0
Ukraine,2005,137900.0,719800.0,52197.0
Ukraine,2006,124100.0,536500.0,43231.0
Ukraine,2007,116000.0,754900.0,65078.0
Ukraine,2008,113500.0,719200.0,63366.0
Ukraine,2009,110000.0,853400.0,77582.0
Ukraine,2010,105200.0,897000.0,85266.0
Ukraine,2011,105200.0,954100.0,90694.0
Ukraine,2012,105500.0,1126800.0,106806.0
Ukraine,2013,103900.0,1211400.0,116593.0
Ukraine,2014,100200.0,1085350.0,108318.0
Ukraine,2015,97300.0,1179570.0,121230.0
Ukraine,2016,91600.0,1099240.0,120004.0
Ukraine,2017,91200.0,1076180.0,118002.0
Ukraine,2018,91800.0,1462360.0,159298.0
Ukraine,2019,87700.0,1153970.0,131582.0
United Kingdom of Great Britain and Northern Ireland,2005,8450.0,218100.0,258107.0
United Kingdom of Great Britain and Northern Ireland,2006,15560.0,269239.0,173033.0
United Kingdom of Great Britain and Northern Ireland,2007,14960.0,243100.0,162500.0
United Kingdom of Great Britain and Northern Ireland,2008,15516.0,242900.0,156548.0
United Kingdom of Great Britain and Northern Ireland,2009,15550.0,229000.0,147267.0
United Kingdom of Great Britain and Northern Ireland,2010,15698.0,235450.0,149987.0
United Kingdom of Great Britain and Northern Ireland,2011,15629.0,239890.0,153490.0
United Kingdom of Great Britain and Northern Ireland,2012,15964.0,203550.0,127506.0
United Kingdom of Great Britain and Northern Ireland,2013,16077.0,398500.0,247870.0
United Kingdom of Great Britain and Northern Ireland,2014,16056.0,451400.0,281141.0
United Kingdom of Great Britain and Northern Ireland,2015,15871.0,459600.0,289585.0
United Kingdom of Great Britain and Northern Ireland,2016,16512.0,481100.0,291364.0
United Kingdom of Great Britain and Northern Ireland,2017,16607.0,535300.0,322334.0
United Kingdom of Great Britain and Northern Ireland,2018,16427.0,505600.0,307786.0
United Kingdom of Great Britain and Northern Ireland,2019,15940.0,456400.0,286324.0
United States of America,2005,149354.0,4384832.0,293587.0
United States of America,2006,145683.0,4455819.0,305857.0
United States of America,2007,142000.0,4122883.0,290344.0
United States of America,2008,141151.0,4365055.0,309247.0
United States of America,2009,139576.0,4394267.0,314830.0
United States of America,2010,136217.0,4210290.0,309087.0
United States of America,2011,133870.0,4281731.0,319842.0
United States of America,2012,131604.0,4078839.0,309933.0
United States of America,2013,130661.0,4731694.0,362135.0
United States of America,2014,128763.0,5358740.0,416171.0
United States of America,2015,131030.0,4556790.0,347767.0
United States of America,2016,133060.0,5214040.0,391856.0
United States of America,2017,132820.0,5240670.0,394569.0
United States of America,2018,117600.0,4644790.0,394965.0
United States of America,2019,118860.0,4997680.0,420468.0
Uruguay,2005,3822.0,77342.0,202360.0
Uruguay,2006,3885.0,61285.0,157748.0
Uruguay,2007,3855.0,66874.0,173473.0
Uruguay,2008,3935.0,51266.0,130282.0
Uruguay,2009,3328.0,58775.0,176608.0
Uruguay,2010,3342.0,52226.0,156272.0
Uruguay,2011,3222.0,73368.0,227709.0
Uruguay,2012,3347.0,50270.0,150194.0
Uruguay,2013,3268.0,45626.0,139614.0
Uruguay,2014,2758.0,52762.0,191305.0
Uruguay,2015,2703.0,55454.0,205157.0
Uruguay,2016,2677.0,37675.0,140736.0
Uruguay,2017,2836.0,48471.0,170913.0
Uruguay,2018,2816.0,48373.0,171779.0
Uruguay,2019,2275.0,42322.0,186031.0
Uzbekistan,2005,60500.0,402000.0,66446.0
Uzbekistan,2006,66163.0,514441.0,77754.0
Uzbekistan,2007,70000.0,502500.0,71786.0
Uzbekistan,2008,63000.0,585000.0,92857.0
Uzbekistan,2009,64000.0,635000.0,99219.0
Uzbekistan,2010,67100.0,712000.0,106110.0
Uzbekistan,2011,77166.0,769363.0,99702.0
Uzbekistan,2012,83052.0,829000.0,99817.0
Uzbekistan,2013,90219.0,894000.0,99092.0
Uzbekistan,2014,89193.0,965000.0,108192.0
Uzbekistan,2015,92335.0,1060000.0,114799.0
Uzbekistan,2016,109191.0,1441566.0,132022.0
Uzbekistan,2017,94517.0,1028796.0,108848.0
Uzbekistan,2018,98117.0,1130335.0,115203.0
Uzbekistan,2019,98525.0,1124017.0,114084.0
Western Asia,2005,287698.0,3572907.0,124189.0
Western Asia,2006,267718.0,3028839.0,113135.0
Western Asia,2007,279361.0,3456875.0,123742.0
Western Asia,2008,266054.0,3551466.0,133487.0
Western Asia,2009,284980.0,3897589.0,136767.0
Western Asia,2010,288720.0,3664358.0,126917.0
Western Asia,2011,304972.0,3721675.0,122033.0
Western Asia,2012,308295.0,3978720.0,129056.0
Western Asia,2013,319164.0,4180366.0,130979.0
Western Asia,2014,324477.0,3733408.0,115059.0
Western Asia,2015,301176.0,3767363.0,125088.0
Western Asia,2016,321132.0,4219290.0,131388.0
Western Asia,2017,311143.0,4274992.0,137396.0
Western Asia,2018,327950.0,5012102.0,152831.0
Western Asia,2019,323149.0,4766492.0,147501.0
Western Europe,2005,103034.0,4073946.0,395398.0
Western Europe,2006,99854.0,4126963.0,413300.0
Western Europe,2007,97341.0,4356020.0,447501.0
Western Europe,2008,95708.0,4268069.0,445947.0
Western Europe,2009,94310.0,4256896.0,451373.0
Western Europe,2010,93598.0,3739061.0,399481.0
Western Europe,2011,91780.0,3939933.0,429280.0
Western Europe,2012,89782.0,3277618.0,365064.0
Western Europe,2013,88481.0,3481482.0,393472.0
Western Europe,2014,100720.0,4179148.0,414927.0
Western Europe,2015,99660.0,4066568.0,408044.0
Western Europe,2016,99425.0,3741757.0,376340.0
Western Europe,2017,101412.0,2937942.0,289704.0
Western Europe,2018,107906.0,4126078.0,382377.0
Western Europe,2019,107176.0,3708656.0,346034.0
World,2005,4836532.0,61905998.0,127997.0
World,2006,4721233.0,63248879.0,133967.0
World,2007,4837032.0,65662801.0,135750.0
World,2008,4668752.0,69038547.0,147874.0
World,2009,4747590.0,71638292.0,150894.0
World,2010,4868805.0,71187919.0,146212.0
World,2011,4961559.0,77073277.0,155341.0
World,2012,5036858.0,78598077.0,156046.0
World,2013,5118745.0,82830201.0,161817.0
World,2014,5090706.0,85346330.0,167651.0
World,2015,5177491.0,82408896.0,159168.0
World,2016,4865350.0,85008032.0,174721.0
World,2017,4620530.0,83135970.0,179927.0
World,2018,4645405.0,85823680.0,184750.0
World,2019,4717384.0,87236221.0,184925.0
Yemen,2005,1940.0,11275.0,58119.0
Yemen,2006,2129.0,18728.0,87966.0
Yemen,2007,2193.0,20039.0,91377.0
Yemen,2008,2281.0,20840.0,91363.0
Yemen,2009,2306.0,20074.0,87051.0
Yemen,2010,2322.0,20246.0,87192.0
Yemen,2011,2334.0,20278.0,86881.0
Yemen,2012,2364.0,20348.0,86074.0
Yemen,2013,2368.0,20072.0,84764.0
Yemen,2014,2344.0,20098.0,85742.0
Yemen,2015,2227.0,17686.0,79416.0
Yemen,2016,2197.0,17362.0,79026.0
Yemen,2017,2179.0,17011.0,78068.0
Yemen,2018,2148.0,16706.0,77775.0
Yemen,2019,2204.0,21946.0,99574.0
Zimbabwe,2005,860.0,8000.0,93023.0
Zimbabwe,2006,779.0,7196.0,92375.0
Zimbabwe,2007,764.0,7024.0,91937.0
Zimbabwe,2008,760.0,6954.0,91500.0
Zimbabwe,2009,756.0,6891.0,91151.0
Zimbabwe,2010,751.0,6826.0,90892.0
Zimbabwe,2011,747.0,6761.0,90509.0
Zimbabwe,2012,725.0,6500.0,89655.0
Zimbabwe,2013,725.0,6500.0,89655.0
Zimbabwe,2014,747.0,6701.0,89705.0
Zimbabwe,2015,744.0,6660.0,89516.0
Zimbabwe,2016,735.0,6550.0,89116.0
Zimbabwe,2017,734.0,6514.0,88747.0
Zimbabwe,2018,732.0,6477.0,88484.0
Zimbabwe,2019,730.0,6441.0,88233.0
